0	166.52
0.00388	166.52
0.00861	166.52
0.0144	166.52
0.02039	166.52
0.02438	166.52
0.02849	166.52
0.0343	166.52
0.03953	166.52
0.04397	166.52
0.04796	166.52
0.05191	166.52
0.05636	166.52
0.05992	166.52
0.06403	166.52
0.06894	166.52
0.07296	166.52
0.07757	166.52
0.08219	166.52
0.08715	166.52
0.09517	166.52
0.09938	166.52
0.10462	166.52
0.10884	166.52
0.11256	166.52
0.11625	166.52
0.12181	166.52
0.12561	166.52
0.13038	166.52
0.13509	166.52
0.1401	166.52
0.14407	166.52
0.14836	166.52
0.15234	166.52
0.15661	166.52
0.16125	166.52
0.16538	166.52
0.16942	166.52
0.17502	166.52
0.17945	166.52
0.18441	166.52
0.19002	166.52
0.1962	166.52
0.20046	166.52
0.20503	166.52
0.20955	166.52
0.21338	166.52
0.21761	166.52
0.22228	166.52
0.22648	166.52
0.2314	166.52
0.23575	166.52
0.23987	166.52
0.24394	166.52
0.2475	166.52
0.25385	166.52
0.25946	166.52
0.26499	166.52
0.26861	166.52
0.27257	166.52
0.27669	166.52
0.28102	166.52
0.28482	166.52
0.28856	166.52
0.29227	166.52
0.29621	166.52
0.30106	166.52
0.30727	166.52
0.31178	166.52
0.31576	166.52
0.31994	166.52
0.32422	166.52
0.33068	166.52
0.33528	166.52
0.33987	166.52
0.34365	166.52
0.34955	166.52
0.3553	166.52
0.35935	166.52
0.3633	166.52
0.36788	166.52
0.37375	166.52
0.37812	166.52
0.38241	166.52
0.38628	166.52
0.38975	166.52
0.39349	166.52
0.3974	166.52
0.40168	166.52
0.40536	166.52
0.41016	166.52
0.41395	166.52
0.41762	166.52
0.4223	166.52
0.42628	166.52
0.43183	166.52
0.4359	166.52
0.43986	166.52
0.44417	166.52
0.44835	166.52
0.454	166.52
0.45864	166.52
0.46286	166.52
0.46749	166.52
0.47142	166.52
0.47584	166.52
0.48057	166.52
0.48467	166.52
0.4887	166.52
0.49254	166.52
0.49677	166.52
0.50051	166.52
0.50527	166.52
0.50873	166.52
0.51269	166.52
0.5164	166.52
0.51999	166.52
0.5253	166.52
0.52925	166.52
0.53335	166.52
0.53884	166.52
0.54287	166.52
0.54785	166.52
0.55194	166.52
0.55724	166.52
0.56152	166.52
0.56666	166.52
0.57039	166.52
0.57365	166.52
0.57782	166.52
0.58158	166.52
0.58641	166.52
0.59236	166.52
0.59751	166.52
0.60186	166.52
0.60563	166.52
0.61073	166.52
0.61517	166.52
0.61966	166.52
0.62388	166.52
0.62748	166.52
0.63148	166.52
0.63576	166.52
0.63969	166.52
0.64599	166.52
0.65045	166.52
0.65515	166.52
0.65865	166.52
0.66381	166.52
0.66747	166.52
0.67244	166.52
0.67732	166.52
0.68121	166.52
0.68457	166.52
0.68808	166.52
0.69366	166.52
0.6984	166.52
0.70191	166.52
0.70891	166.52
0.71553	166.52
0.72044	166.52
0.72431	166.52
0.72874	166.52
0.73245	166.52
0.73592	166.52
0.74024	166.52
0.74388	166.52
0.74853	166.52
0.75236	166.52
0.75555	166.52
0.75998	166.52
0.76365	166.52
0.76884	166.52
0.77291	166.52
0.77749	166.52
0.78135	166.52
0.78679	166.52
0.79121	166.52
0.79483	166.52
0.79925	166.52
0.80311	166.52
0.80746	166.52
0.81495	166.52
0.82066	166.52
0.82667	166.52
0.83138	166.52
0.83534	166.52
0.83954	166.52
0.8436	166.52
0.84772	166.52
0.85136	166.52
0.85532	166.52
0.85977	166.52
0.86477	166.52
0.86987	166.52
0.87526	166.52
0.88035	166.52
0.88663	166.52
0.89126	166.52
0.89468	166.52
0.89879	166.52
0.90566	166.52
0.91171	166.52
0.91564	166.52
0.9203	166.52
0.92537	166.52
0.9304	166.52
0.94027	166.52
0.94917	166.52
0.9549	166.52
0.95887	166.52
0.96362	166.52
0.96812	166.52
0.97226	166.52
0.97623	166.52
0.98041	166.52
0.98671	166.52
0.99059	166.52
0.99535	166.52
0.99997	166.52
1.00482	166.52
1.0086	166.52
1.013	166.52
1.01708	166.52
1.02105	166.52
1.02554	166.52
1.03017	166.52
1.03709	166.52
1.04254	166.52
1.04647	166.52
1.05216	166.52
1.05724	166.52
1.06144	166.52
1.06679	166.52
1.07134	166.52
1.07577	166.52
1.08137	166.52
1.08675	166.52
1.09057	166.52
1.09464	166.52
1.0988	166.52
1.10293	166.52
1.10666	166.52
1.11111	166.52
1.1148	166.52
1.11888	166.52
1.12257	166.52
1.12645	166.52
1.13083	166.52
1.13528	166.52
1.13945	166.52
1.14494	166.52
1.14868	166.52
1.15228	166.52
1.15643	166.52
1.16263	166.52
1.16657	166.52
1.17077	166.52
1.17594	166.52
1.18033	166.52
1.18401	166.52
1.18868	166.52
1.19295	166.52
1.19675	166.52
1.20022	166.52
1.20522	166.52
1.20868	166.52
1.2122	166.52
1.21692	166.52
1.22044	166.52
1.22725	166.52
1.23159	166.52
1.23544	166.52
1.23927	166.52
1.24289	166.52
1.24886	166.52
1.25333	166.52
1.25685	166.52
1.26072	166.52
1.26428	166.52
1.26956	166.52
1.27404	166.52
1.27911	166.52
1.28283	166.52
1.28723	166.52
1.29124	166.52
1.29481	166.52
1.29928	166.52
1.3037	166.52
1.30808	166.52
1.31258	166.52
1.31692	166.52
1.32102	166.52
1.32444	166.52
1.32828	166.52
1.33319	166.52
1.33783	166.52
1.34305	166.52
1.34672	166.52
1.3515	166.52
1.35501	166.52
1.35863	166.52
1.36286	166.52
1.36698	166.52
1.37077	166.52
1.3749	166.52
1.37869	166.52
1.38229	166.52
1.38559	166.52
1.3905	166.52
1.39631	166.52
1.40249	166.52
1.40728	166.52
1.41203	166.52
1.41563	166.52
1.4197	166.52
1.42327	166.52
1.42756	166.52
1.43117	166.52
1.43644	166.52
1.44048	166.52
1.44416	166.52
1.44838	166.52
1.45244	166.52
1.45608	166.52
1.46012	166.52
1.46391	166.52
1.46811	166.52
1.47239	166.52
1.47588	166.52
1.4793	166.52
1.48395	166.52
1.48766	166.52
1.49252	166.52
1.49777	166.52
1.50374	166.52
1.50813	166.52
1.51474	166.52
1.51877	166.52
1.52223	166.52
1.52549	166.52
1.52892	166.52
1.53235	166.52
1.53609	166.52
1.54298	166.52
1.54722	166.52
1.55146	166.52
1.55558	166.52
1.55924	166.52
1.56333	166.52
1.56727	166.52
1.5714	166.52
1.57541	166.52
1.57985	166.52
1.58577	166.52
1.58939	166.52
1.5928	166.52
1.59629	166.52
1.60001	166.52
1.6039	166.52
1.60834	166.52
1.61279	166.52
1.61623	166.52
1.61967	166.52
1.62428	166.52
1.62822	166.52
1.63161	166.52
1.63575	166.52
1.64071	166.52
1.64436	166.52
1.6476	166.52
1.65188	166.52
1.65563	166.52
1.66045	166.52
1.66708	166.52
1.67181	166.52
1.67544	166.52
1.67876	166.52
1.68288	166.52
1.68631	166.52
1.69043	166.52
1.69452	166.52
1.70059	166.52
1.7063	166.52
1.70966	166.52
1.71509	166.52
1.71909	166.52
1.72405	166.52
1.7277	166.52
1.73236	166.52
1.73684	166.52
1.74139	166.52
1.74622	166.52
1.75085	166.52
1.75485	166.52
1.76041	166.52
1.76638	166.52
1.77126	166.52
1.77572	166.52
1.78024	166.52
1.78542	166.52
1.79306	166.52
1.79799	166.52
1.80205	166.52
1.80558	166.52
1.81101	166.52
1.81634	166.52
1.82057	166.52
1.82558	166.52
1.82985	166.52
1.83342	166.52
1.83779	166.52
1.84246	166.52
1.84677	166.52
1.85148	166.52
1.85629	166.52
1.86059	166.52
1.86405	166.52
1.86903	166.52
1.87277	166.52
1.87831	166.52
1.88249	166.52
1.88582	166.52
1.89179	166.52
1.89616	166.52
1.89965	166.52
1.9032	166.52
1.90752	166.52
1.91255	166.52
1.91627	166.52
1.92081	166.52
1.92556	166.52
1.92984	166.52
1.93337	166.52
1.93848	166.52
1.94257	166.52
1.94804	166.52
1.95166	166.52
1.9555	166.52
1.95938	166.52
1.96367	166.52
1.96756	166.52
1.97181	166.52
1.97528	166.52
1.97951	166.52
1.98308	166.52
1.98711	166.52
1.99049	166.52
1.99444	166.52
1.99838	166.52
2.0034	166.52
2.01001	166.52
2.0153	166.52
2.01992	166.52
2.02401	166.52
2.02793	166.52
2.03287	166.52
2.03717	166.52
2.04047	166.52
2.04454	166.52
2.04783	166.52
2.05192	166.52
2.05664	166.52
2.06045	166.52
2.06441	166.52
2.06771	166.52
2.07212	166.52
2.07555	166.52
2.07939	166.52
2.08353	166.52
2.08765	166.52
2.09295	166.52
2.09806	166.52
2.10153	166.52
2.10632	166.52
2.11066	166.52
2.11569	166.52
2.11931	166.52
2.1228	166.52
2.1259	166.52
2.13091	166.52
2.13628	166.52
2.1407	166.52
2.14693	166.52
2.15196	166.52
2.15633	166.52
2.1605	166.52
2.16429	166.52
2.16754	166.52
2.1709	166.52
2.17557	166.52
2.17943	166.52
2.18421	166.52
2.18813	166.52
2.19167	166.52
2.19609	166.52
2.19989	166.52
2.20325	166.52
2.20744	166.52
2.21165	166.52
2.21551	166.52
2.22029	166.52
2.2241	166.52
2.2287	166.52
2.23362	166.52
2.23697	166.52
2.24049	166.52
2.24617	166.52
2.25227	166.52
2.2586	166.52
2.26322	166.52
2.26871	166.52
2.27356	166.52
2.27769	166.52
2.28113	166.52
2.28547	166.52
2.28875	166.52
2.2932	166.52
2.29711	166.52
2.30162	166.52
2.30672	166.52
2.31123	166.52
2.31462	166.52
2.3186	166.52
2.32203	166.52
2.32748	166.52
2.33167	166.52
2.33593	166.52
2.33957	166.52
2.34385	166.52
2.3497	166.52
2.35681	166.52
2.36143	166.52
2.37208	166.52
2.37996	166.52
2.38412	166.52
2.38849	166.52
2.39336	166.52
2.39881	166.52
2.40255	166.52
2.41216	166.52
2.41836	166.52
2.42601	166.52
2.43163	166.52
2.4363	166.52
2.44031	166.52
2.44691	166.52
2.45253	166.52
2.45705	166.52
2.46245	166.52
2.4667	166.52
2.47179	166.52
2.47639	166.52
2.48081	166.52
2.48512	166.52
2.48866	166.52
2.49228	166.52
2.49658	166.52
2.50074	166.52
2.50469	166.52
2.50829	166.52
2.51263	166.52
2.51618	166.52
2.51988	166.52
2.52416	166.52
2.52752	166.52
2.53147	166.52
2.53614	166.52
2.53958	166.52
2.5437	166.52
2.54773	166.52
2.55142	166.52
2.55607	166.52
2.55984	166.52
2.5635	166.52
2.56743	166.52
2.57157	166.52
2.57674	166.52
2.58077	166.52
2.58512	166.52
2.58946	166.52
2.5957	166.52
2.60135	166.52
2.60693	166.52
2.61308	166.52
2.6186	166.52
2.62287	166.52
2.6277	166.52
2.63147	166.52
2.63493	166.52
2.63923	166.52
2.64359	166.52
2.64774	166.52
2.65132	166.52
2.65536	166.52
2.659	166.52
2.66296	166.52
2.66639	166.52
2.66972	166.52
2.67409	166.52
2.67729	166.52
2.68261	166.52
2.68875	166.52
2.69295	166.52
2.69754	166.52
2.70084	166.52
2.70416	166.52
2.70895	166.52
2.71249	166.52
2.7166	166.52
2.72442	166.52
2.73092	166.52
2.73572	166.52
2.74073	166.52
2.74429	166.52
2.74802	166.52
2.75215	166.52
2.75831	166.52
2.76395	166.52
2.76799	166.52
2.7714	166.52
2.77524	166.52
2.77856	166.52
2.78253	166.52
2.78853	166.52
2.79402	166.52
2.79975	166.52
2.80419	166.52
2.80875	166.52
2.8123	166.52
2.81851	166.52
2.82483	166.52
2.82988	166.52
2.83346	166.52
2.83845	166.52
2.84228	166.52
2.84971	166.52
2.85368	166.52
2.85855	166.52
2.8627	166.52
2.86623	166.52
2.86937	166.52
2.87357	166.52
2.87857	166.52
2.88258	166.52
2.89142	166.52
2.89775	166.52
2.90274	166.52
2.9084	166.52
2.91259	166.52
2.9162	166.52
2.91934	166.52
2.92262	166.52
2.9259	166.52
2.92992	166.52
2.93414	166.52
2.93765	166.52
2.94217	166.52
2.94546	166.52
2.9507	166.52
2.95556	166.52
2.95973	166.52
2.96365	166.52
2.96808	166.52
2.97221	166.52
2.97888	166.52
2.98291	166.52
2.98661	166.52
2.98996	166.52
2.99355	166.52
2.99694	166.52
3.00315	166.52
3.00788	166.52
3.01286	166.52
3.01735	166.52
3.0211	166.52
3.02545	166.52
3.03029	166.52
3.03614	166.52
3.04015	166.52
3.04337	166.52
3.04978	166.52
3.05511	166.52
3.05933	166.52
3.06303	166.52
3.06782	166.52
3.07353	166.52
3.07842	166.52
3.08233	166.52
3.08672	166.52
3.09188	166.52
3.09613	166.52
3.10092	166.52
3.10534	166.52
3.10868	166.52
3.11215	166.52
3.11665	166.52
3.12011	166.52
3.12347	166.52
3.12831	166.52
3.13281	166.52
3.13698	166.52
3.14147	166.52
3.14719	166.52
3.1509	166.52
3.15511	166.52
3.16156	166.52
3.16711	166.52
3.17162	166.52
3.17981	166.52
3.18521	166.52
3.19072	166.52
3.1942	166.52
3.19745	166.52
3.2016	166.52
3.20508	166.52
3.20949	166.52
3.21264	166.52
3.21604	166.52
3.22025	166.52
3.22829	166.52
3.23203	166.52
3.23679	166.52
3.241	166.52
3.24897	166.52
3.25638	166.52
3.2609	166.52
3.26679	166.52
3.27233	166.52
3.27752	166.52
3.28166	166.52
3.28556	166.52
3.29051	166.52
3.29397	166.52
3.29742	166.52
3.30222	166.52
3.30567	166.52
3.31011	166.52
3.31357	166.52
3.31811	166.52
3.32226	166.52
3.32545	166.52
3.32892	166.52
3.33311	166.52
3.33734	166.52
3.34183	166.52
3.34627	166.52
3.35119	166.52
3.35591	166.52
3.36181	166.52
3.36654	166.52
3.37167	166.52
3.37763	166.52
3.38242	166.52
3.38587	166.52
3.39055	166.52
3.39484	166.52
3.40132	166.52
3.40633	166.52
3.41082	166.52
3.4148	166.52
3.41888	166.52
3.42296	166.52
3.42769	166.52
3.43385	166.52
3.44026	166.52
3.44503	166.52
3.44963	166.52
3.45339	166.52
3.45724	166.52
3.46131	166.52
3.46535	166.52
3.4698	166.52
3.47368	166.52
3.47785	166.52
3.4815	166.52
3.48497	166.52
3.48987	166.52
3.49312	166.52
3.49663	166.52
3.50196	166.52
3.50669	166.52
3.51148	166.52
3.51492	166.52
3.51919	166.52
3.52327	166.52
3.52732	166.52
3.53141	166.52
3.53506	166.52
3.53931	166.52
3.54522	166.52
3.55008	166.52
3.55386	166.52
3.55835	166.52
3.56178	166.52
3.5659	166.52
3.56962	166.52
3.5743	166.52
3.57866	166.52
3.58217	166.52
3.5854	166.52
3.59444	166.52
3.59821	166.52
3.60148	166.52
3.60693	166.52
3.61125	166.52
3.61633	166.52
3.61993	166.52
3.62379	166.52
3.62782	166.52
3.63166	166.52
3.63566	166.52
3.63989	166.52
3.64422	166.52
3.64775	166.52
3.65204	166.52
3.65686	166.52
3.66288	166.52
3.66983	166.52
3.67533	166.52
3.68045	166.52
3.6855	166.52
3.68882	166.52
3.69239	166.52
3.69836	166.52
3.70277	166.52
3.7084	166.52
3.7121	166.52
3.71881	166.52
3.72269	166.52
3.72668	166.52
3.7305	166.52
3.73474	166.52
3.73906	166.52
3.74246	166.52
3.74656	166.52
3.75178	166.52
3.75525	166.52
3.75926	166.52
3.76294	166.52
3.76723	166.52
3.77143	166.52
3.77527	166.52
3.78007	166.52
3.78579	166.52
3.79184	166.52
3.79597	166.52
3.80104	166.52
3.80535	166.52
3.80947	166.52
3.81284	166.52
3.8171	166.52
3.82259	166.52
3.82703	166.52
3.83139	166.52
3.83583	166.52
3.84013	166.52
3.84503	166.52
3.84943	166.52
3.85488	166.52
3.85974	166.52
3.8642	166.52
3.86839	166.52
3.87226	166.52
3.87564	166.52
3.87979	166.52
3.88371	166.52
3.88822	166.52
3.89256	166.52
3.89589	166.52
3.89919	166.52
3.90366	166.52
3.90764	166.52
3.91155	166.52
3.91553	166.52
3.91986	166.52
3.92426	166.52
3.92772	166.52
3.93125	166.52
3.93641	166.52
3.94008	166.52
3.9438	166.52
3.94775	166.52
3.95131	166.52
3.95549	166.52
3.96211	166.52
3.96558	166.52
3.97008	166.52
3.97505	166.52
3.97868	166.52
3.98343	166.52
3.98668	166.52
3.99182	166.52
3.99654	166.52
3.99995	166.52
4.00441	166.52
4.00935	166.52
4.0142	166.52
4.01852	166.52
4.02292	166.52
4.02698	166.52
4.03043	166.52
4.0345	166.52
4.03861	166.52
4.0433	166.52
4.04733	166.52
4.05178	166.52
4.05628	166.52
4.06042	166.52
4.06408	166.52
4.06747	166.52
4.07251	166.52
4.07598	166.52
4.08059	166.52
4.08409	166.52
4.09052	166.52
4.09446	166.52
4.09835	166.52
4.10163	166.52
4.10533	166.52
4.10856	166.52
4.11205	166.52
4.11658	166.52
4.12004	166.52
4.12633	166.52
4.13198	166.52
4.13649	166.52
4.13994	166.52
4.1437	166.52
4.1495	166.52
4.15394	166.52
4.1573	166.52
4.16144	166.52
4.16573	166.52
4.17072	166.52
4.17494	166.52
4.17887	166.52
4.18249	166.52
4.18576	166.52
4.19162	166.52
4.19586	166.52
4.20023	166.52
4.20377	166.52
4.20803	166.52
4.21148	166.52
4.21687	166.52
4.22248	166.52
4.22738	166.52
4.23271	166.52
4.23672	166.52
4.24026	166.52
4.2443	166.52
4.24773	166.52
4.25201	166.52
4.25543	166.52
4.2594	166.52
4.26427	166.52
4.2697	166.52
4.27591	166.52
4.27963	166.52
4.2839	166.52
4.28772	166.52
4.29409	166.52
4.29904	166.52
4.30328	166.52
4.3066	166.52
4.31064	166.52
4.31578	166.52
4.32109	166.52
4.32575	166.52
4.33189	166.52
4.33549	166.52
4.33948	166.52
4.34422	166.52
4.34796	166.52
4.352	166.52
4.35542	166.52
4.35854	166.52
4.36347	166.52
4.36779	166.52
4.37162	166.52
4.37621	166.52
4.37961	166.52
4.38359	166.52
4.38823	166.52
4.3921	166.52
4.39657	166.52
4.4004	166.52
4.40453	166.52
4.40814	166.52
4.41199	166.52
4.41672	166.52
4.42056	166.52
4.42524	166.52
4.42963	166.52
4.43452	166.52
4.4383	166.52
4.44267	166.52
4.44637	166.52
4.45013	166.52
4.45374	166.52
4.45723	166.52
4.46165	166.52
4.4664	166.52
4.47081	166.52
4.47477	166.52
4.47947	166.52
4.48303	166.52
4.48716	166.52
4.49169	166.52
4.49574	166.52
4.49961	166.52
4.50352	166.52
4.5098	166.52
4.51658	166.52
4.52055	166.52
4.52473	166.52
4.52816	166.52
4.5315	166.52
4.53623	166.52
4.54372	166.52
4.55183	166.52
4.5592	166.52
4.565	166.52
4.56882	166.52
4.57237	166.52
4.5778	166.52
4.58383	166.52
4.58729	166.52
4.59097	166.52
4.59505	166.52
4.59917	166.52
4.60249	166.52
4.60651	166.52
4.61085	166.52
4.61442	166.52
4.61897	166.52
4.62312	166.52
4.62653	166.52
4.63091	166.52
4.63546	166.52
4.6416	166.52
4.64495	166.52
4.64895	166.52
4.65219	166.52
4.65575	166.52
4.6597	166.52
4.66305	166.52
4.66741	166.52
4.67175	166.52
4.67576	166.52
4.67981	166.52
4.68335	166.52
4.68766	166.52
4.69164	166.52
4.69585	166.52
4.7004	166.52
4.70428	166.52
4.71137	166.52
4.71531	166.52
4.71972	166.52
4.72501	166.52
4.73267	166.52
4.73834	166.52
4.74461	166.52
4.74929	166.52
4.75336	166.52
4.75744	166.52
4.76146	166.52
4.7648	166.52
4.76814	166.52
4.77329	166.52
4.77773	166.52
4.78189	166.52
4.78639	166.52
4.79069	166.52
4.79433	166.52
4.79767	166.52
4.80263	166.52
4.80838	166.52
4.81379	166.52
4.81935	166.52
4.82417	166.52
4.82842	166.52
4.83211	166.52
4.83598	166.52
4.83973	166.52
4.84395	166.52
4.84856	166.52
4.85287	166.52
4.85696	166.52
4.86142	166.52
4.86544	166.52
4.86899	166.52
4.87377	166.52
4.87706	166.52
4.88238	166.52
4.88646	166.52
4.89039	166.52
4.89476	166.52
4.89842	166.52
4.90348	166.52
4.90828	166.52
4.91164	166.52
4.91611	166.52
4.92048	166.52
4.92439	166.52
4.92784	166.52
4.93252	166.52
4.93802	166.52
4.9435	166.52
4.9472	166.52
4.95147	166.52
4.95602	166.52
4.95982	166.52
4.96475	166.52
4.96892	166.52
4.97303	166.52
4.97705	166.52
4.98073	166.52
4.98458	166.52
4.98838	166.52
4.993	166.52
4.99781	166.52
5.00163	166.52
5.00741	166.52
5.01176	166.52
5.01691	166.52
5.02316	166.52
5.03029	166.52
5.03565	166.52
5.04139	166.52
5.04807	166.52
5.05311	166.52
5.05756	166.52
5.06263	166.52
5.06721	166.52
5.07295	166.52
5.07856	166.52
5.0826	166.52
5.08736	166.52
5.09125	166.52
5.09547	166.52
5.09963	166.52
5.10399	166.52
5.10763	166.52
5.11211	166.52
5.11803	166.52
5.12531	166.52
5.13048	166.52
5.13441	166.52
5.13915	166.52
5.14378	166.52
5.14833	166.52
5.15263	166.52
5.15679	166.52
5.1615	166.52
5.16594	166.52
5.1696	166.52
5.17411	166.52
5.17871	166.52
5.18254	166.52
5.18727	166.52
5.19116	166.52
5.19579	166.52
5.20354	166.52
5.20924	166.52
5.21326	166.52
5.21767	166.52
5.22176	166.52
5.22545	166.52
5.22969	166.52
5.23408	166.52
5.23749	166.52
5.24146	166.52
5.24541	166.52
5.24929	166.52
5.25437	166.52
5.25898	166.52
5.26681	166.52
5.2712	166.52
5.27513	166.52
5.27887	166.52
5.28307	166.52
5.28745	166.52
5.2918	166.52
5.29858	166.52
5.30359	166.52
5.3078	166.52
5.31287	166.52
5.31944	166.52
5.32435	166.52
5.32855	166.52
5.33286	166.52
5.33659	166.52
5.34018	166.52
5.34417	166.52
5.34933	166.52
5.35483	166.52
5.35983	166.52
5.36451	166.52
5.36825	166.52
5.37224	166.52
5.37625	166.52
5.3802	166.52
5.38394	166.52
5.38801	166.52
5.39266	166.52
5.39679	166.52
5.40067	166.52
5.40439	166.52
5.40819	166.52
5.41206	166.52
5.4157	166.52
5.42026	166.52
5.42446	166.52
5.42905	166.52
5.43367	166.52
5.43852	166.52
5.44255	166.52
5.44625	166.52
5.44952	166.52
5.45447	166.52
5.4597	166.52
5.46609	166.52
5.47125	166.52
5.47482	166.52
5.47886	166.52
5.4832	166.52
5.48715	166.52
5.49187	166.52
5.49607	166.52
5.50044	166.52
5.50555	166.52
5.50933	166.52
5.51298	166.52
5.51648	166.52
5.52014	166.52
5.52417	166.52
5.52912	166.52
5.53448	166.52
5.53815	166.52
5.54154	166.52
5.54541	166.52
5.55042	166.52
5.55468	166.52
5.55799	166.52
5.56314	166.52
5.56788	166.52
5.57386	166.52
5.57966	166.52
5.58637	166.52
5.59404	166.52
5.60357	166.52
5.60898	166.52
5.61622	166.52
5.6197	166.52
5.62529	166.52
5.62886	166.52
5.63218	166.52
5.63587	166.52
5.63975	166.52
5.64366	166.52
5.64773	166.52
5.65225	166.52
5.65735	166.52
5.66085	166.52
5.6642	166.52
5.66773	166.52
5.67156	166.52
5.67514	166.52
5.67868	166.52
5.68274	166.52
5.68617	166.52
5.69167	166.52
5.69577	166.52
5.70082	166.52
5.70442	166.52
5.70783	166.52
5.71138	166.52
5.71503	166.52
5.72161	166.52
5.72861	166.52
5.73562	166.52
5.74268	166.52
5.74817	166.52
5.75249	166.52
5.75705	166.52
5.7624	166.52
5.76632	166.52
5.77068	166.52
5.77521	166.52
5.77937	166.52
5.78394	166.52
5.78765	166.52
5.79176	166.52
5.79521	166.52
5.79897	166.52
5.80261	166.52
5.80658	166.52
5.81018	166.52
5.8141	166.52
5.81886	166.52
5.82261	166.52
5.82673	166.52
5.8316	166.52
5.83575	166.52
5.83978	166.52
5.84539	166.52
5.85242	166.52
5.85845	166.52
5.86315	166.52
5.86777	166.52
5.87205	166.52
5.87611	166.52
5.87979	166.52
5.8833	166.52
5.88716	166.52
5.89156	166.52
5.89583	166.52
5.89947	166.52
5.90371	166.52
5.90749	166.52
5.91233	166.52
5.91637	166.52
5.92027	166.52
5.92382	166.52
5.92808	166.52
5.93264	166.52
5.93612	166.52
5.94071	166.52
5.94546	166.52
5.95005	166.52
5.9548	166.52
5.95903	166.52
5.9639	166.52
5.96781	166.52
5.97159	166.52
5.97535	166.52
5.97868	166.52
5.98242	166.52
5.98612	166.52
5.99032	166.52
5.99447	166.52
5.9984	166.52
6.00257	166.52
6.00714	166.52
6.01157	166.52
6.01573	166.52
6.01934	166.52
6.02319	166.52
6.02729	166.52
6.03153	166.52
6.03538	166.52
6.0389	166.52
6.04277	166.52
6.04667	166.52
6.05138	166.52
6.055	166.52
6.05891	166.52
6.06397	166.52
6.06878	166.52
6.07267	166.52
6.07672	166.52
6.08088	166.52
6.08551	166.52
6.08952	166.52
6.09342	166.52
6.09737	166.52
6.10163	166.52
6.10553	166.52
6.11079	166.52
6.11549	166.52
6.12217	166.52
6.12892	166.52
6.13326	166.52
6.13755	166.52
6.14186	166.52
6.14633	166.52
6.15086	166.52
6.1557	166.52
6.15982	166.52
6.16616	166.52
6.17031	166.52
6.17423	166.52
6.17879	166.52
6.1831	166.52
6.18822	166.52
6.19447	166.52
6.19974	166.52
6.20437	166.52
6.20883	166.52
6.21236	166.52
6.21587	166.52
6.22177	166.52
6.22907	166.52
6.23432	166.52
6.23883	166.52
6.24462	166.52
6.24881	166.52
6.2522	166.52
6.25698	166.52
6.26121	166.52
6.26503	166.52
6.26909	166.52
6.27308	166.52
6.27838	166.52
6.28292	166.52
6.28632	166.52
6.28965	166.52
6.2933	166.52
6.29708	166.52
6.30094	166.52
6.30467	166.52
6.30906	166.52
6.31267	166.52
6.31612	166.52
6.31983	166.52
6.32401	166.52
6.32814	166.52
6.33594	166.52
6.34207	166.52
6.34805	166.52
6.3518	166.52
6.3558	166.52
6.36027	166.52
6.36406	166.52
6.36829	166.52
6.37292	166.52
6.37637	166.52
6.37997	166.52
6.38456	166.52
6.38833	166.52
6.39291	166.52
6.39648	166.52
6.40044	166.52
6.40468	166.52
6.40878	166.52
6.41312	166.52
6.41649	166.52
6.42055	166.52
6.42424	166.52
6.42815	166.52
6.43662	166.52
6.44271	166.52
6.44745	166.52
6.45197	166.52
6.45692	166.52
6.46145	166.52
6.46544	166.52
6.4694	166.52
6.47573	166.52
6.48275	166.52
6.48945	166.52
6.49371	166.52
6.49789	166.52
6.50221	166.52
6.50592	166.52
6.51024	166.52
6.51459	166.52
6.5186	166.52
6.52283	166.52
6.5265	166.52
6.53031	166.52
6.5351	166.52
6.5394	166.52
6.54356	166.52
6.54875	166.52
6.55396	166.52
6.55888	166.52
6.56315	166.52
6.56759	166.52
6.57135	166.52
6.57526	166.52
6.57899	166.52
6.58256	166.52
6.58665	166.52
6.59114	166.52
6.59451	166.52
6.59909	166.52
6.60267	166.52
6.60692	166.52
6.61099	166.52
6.61727	166.52
6.6226	166.52
6.62741	166.52
6.63187	166.52
6.63846	166.52
6.6433	166.52
6.64778	166.52
6.6526	166.52
6.65698	166.52
6.66067	166.52
6.66477	166.52
6.66822	166.52
6.672	166.52
6.67826	166.52
6.68242	166.52
6.68842	166.52
6.69234	166.52
6.69646	166.52
6.70017	166.52
6.70683	166.52
6.71377	166.52
6.71762	166.52
6.72291	166.52
6.7275	166.52
6.73167	166.52
6.73595	166.52
6.73966	166.52
6.74429	166.52
6.74908	166.52
6.75312	166.52
6.75732	166.52
6.76101	166.52
6.76463	166.52
6.76832	166.52
6.77169	166.52
6.77676	166.52
6.78246	166.52
6.78865	166.52
6.79383	166.52
6.7986	166.52
6.8029	166.52
6.80677	166.52
6.81066	166.52
6.81668	166.52
6.82207	166.52
6.8269	166.52
6.83047	166.52
6.8347	166.52
6.8395	166.52
6.84393	166.52
6.84789	166.52
6.85234	166.52
6.85717	166.52
6.86211	166.52
6.86623	166.52
6.87057	166.52
6.87466	166.52
6.87893	166.52
6.8833	166.52
6.88809	166.52
6.89195	166.52
6.89586	166.52
6.89969	166.52
6.90428	166.52
6.90965	166.52
6.91557	166.52
6.92099	166.52
6.92442	166.52
6.92797	166.52
6.93187	166.52
6.93585	166.52
6.93993	166.52
6.94341	166.52
6.95068	166.52
6.95618	166.52
6.96175	166.52
6.96752	166.52
6.97119	166.52
6.97478	166.52
6.97922	166.52
6.98321	166.52
6.98717	166.52
6.99048	166.52
6.9951	166.52
6.99957	166.52
7.00389	166.52
7.00776	166.52
7.01151	166.52
7.01558	166.52
7.01955	166.52
7.02325	166.52
7.02832	166.52
7.03487	166.52
7.03902	166.52
7.04324	166.52
7.04958	166.52
7.05492	166.52
7.05971	166.52
7.0639	166.52
7.06969	166.52
7.07565	166.52
7.07995	166.52
7.08391	166.52
7.08848	166.52
7.09189	166.52
7.09571	166.52
7.10082	166.52
7.10506	166.52
7.10903	166.52
7.1132	166.52
7.11696	166.52
7.12104	166.52
7.12505	166.52
7.12919	166.52
7.13271	166.52
7.13672	166.52
7.14155	166.52
7.14554	166.52
7.15046	166.52
7.15451	166.52
7.16028	166.52
7.16725	166.52
7.17091	166.52
7.17618	166.52
7.18027	166.52
7.18454	166.52
7.18873	166.52
7.19238	166.52
7.19621	166.52
7.20213	166.52
7.20808	166.52
7.21242	166.52
7.21668	166.52
7.22354	166.52
7.22857	166.52
7.2326	166.52
7.23697	166.52
7.24053	166.52
7.24421	166.52
7.24826	166.52
7.25448	166.52
7.25981	166.52
7.26325	166.52
7.26761	166.52
7.27136	166.52
7.27574	166.52
7.28224	166.52
7.28934	166.52
7.29449	166.52
7.29924	166.52
7.30417	166.52
7.30849	166.52
7.31209	166.52
7.3159	166.52
7.31986	166.52
7.32362	166.52
7.32826	166.52
7.33406	166.52
7.34001	166.52
7.34453	166.52
7.34928	166.52
7.35359	166.52
7.35844	166.52
7.36243	166.52
7.36652	166.52
7.37074	166.52
7.37444	166.52
7.378	166.52
7.38149	166.52
7.38649	166.52
7.39227	166.52
7.39603	166.52
7.40007	166.52
7.40361	166.52
7.40795	166.52
7.4114	166.52
7.41554	166.52
7.41919	166.52
7.42578	166.52
7.42936	166.52
7.43303	166.52
7.43665	166.52
7.44224	166.52
7.44902	166.52
7.45238	166.52
7.45575	166.52
7.45987	166.52
7.46456	166.52
7.46869	166.52
7.47275	166.52
7.47791	166.52
7.48264	166.52
7.48741	166.52
7.49157	166.52
7.49587	166.52
7.50001	166.52
7.50398	166.52
7.50794	166.52
7.51206	166.52
7.51695	166.52
7.52127	166.52
7.52471	166.52
7.52794	166.52
7.53187	166.52
7.53659	166.52
7.54012	166.52
7.54481	166.52
7.54846	166.52
7.55261	166.52
7.55627	166.52
7.55984	166.52
7.56402	166.52
7.56859	166.52
7.57217	166.52
7.57766	166.52
7.58395	166.52
7.59128	166.52
7.59925	166.52
7.60372	166.52
7.6086	166.52
7.61419	166.52
7.62063	166.52
7.62434	166.52
7.62958	166.52
7.63613	166.52
7.64203	166.52
7.6494	166.52
7.65364	166.52
7.65901	166.52
7.66269	166.52
7.66633	166.52
7.66954	166.52
7.67291	166.52
7.67703	166.52
7.68133	166.52
7.68575	166.52
7.69098	166.52
7.69529	166.52
7.69973	166.52
7.70397	166.52
7.70748	166.52
7.71155	166.52
7.71542	166.52
7.71971	166.52
7.72353	166.52
7.72838	166.52
7.73211	166.52
7.73581	166.52
7.73981	166.52
7.74343	166.52
7.74852	166.52
7.75511	166.52
7.76173	166.52
7.76563	166.52
7.771	166.52
7.77496	166.52
7.77949	166.52
7.78362	166.52
7.78759	166.52
7.79128	166.52
7.79528	166.52
7.79906	166.52
7.80295	166.52
7.80736	166.52
7.81132	166.52
7.8195	166.52
7.8238	166.52
7.82781	166.52
7.83225	166.52
7.83643	166.52
7.84144	166.52
7.847	166.52
7.85116	166.52
7.85577	166.52
7.85972	166.52
7.86384	166.52
7.86766	166.52
7.87135	166.52
7.87475	166.52
7.87904	166.52
7.88406	166.52
7.8886	166.52
7.89458	166.52
7.89922	166.52
7.9028	166.52
7.90702	166.52
7.9115	166.52
7.91796	166.52
7.92259	166.52
7.92616	166.52
7.93054	166.52
7.93609	166.52
7.94061	166.52
7.94391	166.52
7.94755	166.52
7.95196	166.52
7.95607	166.52
7.96026	166.52
7.96608	166.52
7.96926	166.52
7.97335	166.52
7.97623	166.52
7.97978	166.52
7.98349	166.52
7.98779	166.52
7.99192	166.52
7.99584	166.52
7.99963	166.52
8.00346	166.52
8.01156	166.52
8.01664	166.52
8.02152	166.52
8.0266	166.52
8.03082	166.52
8.03485	166.52
8.03948	166.52
8.04424	166.52
8.05139	166.52
8.05554	166.52
8.05957	166.52
8.06391	166.52
8.07068	166.52
8.07477	166.52
8.07987	166.52
8.0838	166.52
8.08696	166.52
8.09314	166.52
8.09877	166.52
8.10307	166.52
8.10824	166.52
8.11323	166.52
8.11706	166.52
8.12006	166.52
8.12426	166.52
8.12714	166.52
8.13148	166.52
8.13794	166.52
8.1433	166.52
8.14708	166.52
8.15149	166.52
8.15589	166.52
8.15983	166.52
8.16467	166.52
8.16893	166.52
8.17214	166.52
8.17637	166.52
8.18021	166.52
8.18485	166.52
8.18778	166.52
8.19181	166.52
8.19493	166.52
8.20038	166.52
8.20438	166.52
8.2086	166.52
8.21203	166.52
8.21637	166.52
8.21972	166.52
8.22361	166.52
8.22844	166.52
8.23483	166.52
8.23877	166.52
8.24272	166.52
8.24702	166.52
8.25083	166.52
8.255	166.52
8.26303	166.52
8.27136	166.52
8.27578	166.52
8.28052	166.52
8.28499	166.52
8.28989	166.52
8.2942	166.52
8.30089	166.52
8.30504	166.52
8.30842	166.52
8.31485	166.52
8.31908	166.52
8.32338	166.52
8.32781	166.52
8.33253	166.52
8.33636	166.52
8.33994	166.52
8.34435	166.52
8.34874	166.52
8.35261	166.52
8.35993	166.52
8.36393	166.52
8.37057	166.52
8.37443	166.52
8.37857	166.52
8.38315	166.52
8.38763	166.52
8.39216	166.52
8.39742	166.52
8.4026	166.52
8.40675	166.52
8.41201	166.52
8.41545	166.52
8.41984	166.52
8.42411	166.52
8.42739	166.52
8.43178	166.52
8.43837	166.52
8.44289	166.52
8.44696	166.52
8.45062	166.52
8.45453	166.52
8.4589	166.52
8.46375	166.52
8.4678	166.52
8.47305	166.52
8.47679	166.52
8.48036	166.52
8.48334	166.52
8.48852	166.52
8.49161	166.52
8.4984	166.52
8.50261	166.52
8.50808	166.52
8.5113	166.52
8.51563	166.52
8.52056	166.52
8.52566	166.52
8.53199	166.52
8.53535	166.52
8.53974	166.52
8.5437	166.52
8.54784	166.52
8.55218	166.52
8.55615	166.52
8.56064	166.52
8.5644	166.52
8.56795	166.52
8.57217	166.52
8.57748	166.52
8.58259	166.52
8.58719	166.52
8.59131	166.52
8.59508	166.52
8.59949	166.52
8.60369	166.52
8.61067	166.52
8.61796	166.52
8.62542	166.52
8.6324	166.52
8.6395	166.52
8.64361	166.52
8.64824	166.52
8.65215	166.52
8.6559	166.52
8.66061	166.52
8.66411	166.52
8.66807	166.52
8.67141	166.52
8.67613	166.52
8.68022	166.52
8.68483	166.52
8.68823	166.52
8.69167	166.52
8.69597	166.52
8.70251	166.52
8.71012	166.52
8.71596	166.52
8.72027	166.52
8.7254	166.52
8.732	166.52
8.73662	166.52
8.74211	166.52
8.74739	166.52
8.75344	166.52
8.75835	166.52
8.7628	166.52
8.76773	166.52
8.77274	166.52
8.77823	166.52
8.78223	166.52
8.78577	166.52
8.79006	166.52
8.79444	166.52
8.79877	166.52
8.80637	166.52
8.81153	166.52
8.81782	166.52
8.82458	166.52
8.83102	166.52
8.83611	166.52
8.84357	166.52
8.84929	166.52
8.85738	166.52
8.86421	166.52
8.86884	166.52
8.87236	166.52
8.87816	166.52
8.88292	166.52
8.88749	166.52
8.89342	166.52
8.90113	166.52
8.90623	166.52
8.91226	166.52
8.91728	166.52
8.92179	166.52
8.9265	166.52
8.93099	166.52
8.93605	166.52
8.94032	166.52
8.94695	166.52
8.95247	166.52
8.95605	166.52
8.96226	166.52
8.96964	166.52
8.97433	166.52
8.97868	166.52
8.98343	166.52
8.98853	166.52
8.99446	166.52
8.9995	166.52
9.00348	166.52
9.00881	166.52
9.01457	166.52
9.02067	166.52
9.02542	166.52
9.03008	166.52
9.0376	166.52
9.04589	166.52
9.05308	166.52
9.05756	166.52
9.06312	166.52
9.06774	166.52
9.07296	166.52
9.07756	166.52
9.08276	166.52
9.08924	166.52
9.09577	166.52
9.10328	166.52
9.11139	166.52
9.11799	166.52
9.12329	166.52
9.13008	166.52
9.13488	166.52
9.13994	166.52
9.14353	166.52
9.14887	166.52
9.15447	166.52
9.15896	166.52
9.16326	166.52
9.16725	166.52
9.17274	166.52
9.18079	166.52
9.187	166.52
9.19455	166.52
9.20219	166.52
9.21016	166.52
9.21489	166.52
9.21981	166.52
9.2268	166.52
9.23361	166.52
9.23933	166.52
9.24364	166.52
9.24808	166.52
9.25205	166.52
9.25764	166.52
9.26226	166.52
9.26875	166.52
9.27235	166.52
9.27624	166.52
9.28049	166.52
9.28623	166.52
9.29121	166.52
9.29452	166.52
9.2985	166.52
9.30215	166.52
9.30553	166.52
9.30936	166.52
9.31296	166.52
9.3186	166.52
9.32249	166.52
9.3296	166.52
9.33409	166.52
9.33835	166.52
9.34243	166.52
9.34685	166.52
9.35112	166.52
9.35511	166.52
9.36027	166.52
9.36471	166.52
9.36829	166.52
9.37182	166.52
9.37629	166.52
9.37945	166.52
9.38363	166.52
9.38808	166.52
9.39425	166.52
9.39762	166.52
9.40257	166.52
9.40674	166.52
9.4106	166.52
9.41482	166.52
9.41861	166.52
9.42457	166.52
9.42812	166.52
9.43254	166.52
9.43561	166.52
9.43936	166.52
9.44312	166.52
9.4471	166.52
9.45226	166.52
9.45591	166.52
9.46041	166.52
9.46415	166.52
9.46925	166.52
9.47557	166.52
9.48066	166.52
9.48433	166.52
9.48749	166.52
9.49214	166.52
9.49643	166.52
9.50024	166.52
9.50461	166.52
9.50816	166.52
9.51419	166.52
9.51941	166.52
9.52377	166.52
9.5282	166.52
9.53328	166.52
9.53697	166.52
9.54062	166.52
9.54386	166.52
9.54844	166.52
9.55567	166.52
9.56324	166.52
9.56848	166.52
9.572	166.52
9.57657	166.52
9.57997	166.52
9.58425	166.52
9.5887	166.52
9.59494	166.52
9.5988	166.52
9.6034	166.52
9.60744	166.52
9.61081	166.52
9.61483	166.52
9.61876	166.52
9.62389	166.52
9.63039	166.52
9.63441	166.52
9.63859	166.52
9.64207	166.52
9.64699	166.52
9.65153	166.52
9.6557	166.52
9.66199	166.52
9.66842	166.52
9.67524	166.52
9.68061	166.52
9.68488	166.52
9.69105	166.52
9.69507	166.52
9.69908	166.52
9.70383	166.52
9.70959	166.52
9.71335	166.52
9.71763	166.52
9.72278	166.52
9.72677	166.52
9.73277	166.52
9.74021	166.52
9.74869	166.52
9.75374	166.52
9.75962	166.52
9.76336	166.52
9.76984	166.52
9.77478	166.52
9.77865	166.52
9.78499	166.52
9.78953	166.52
9.79412	166.52
9.79746	166.52
9.80163	166.52
9.80669	166.52
9.81085	166.52
9.81707	166.52
9.82135	166.52
9.82462	166.52
9.82808	166.52
9.83123	166.52
9.8349	166.52
9.84079	166.52
9.84667	166.52
9.85004	166.52
9.85442	166.52
9.858	166.52
9.86146	166.52
9.86601	166.52
9.8705	166.52
9.87509	166.52
9.87923	166.52
9.88536	166.52
9.88979	166.52
9.8934	166.52
9.89764	166.52
9.90308	166.52
9.90701	166.52
9.9113	166.52
9.9151	166.52
9.91927	166.52
9.9253	166.52
9.92958	166.52
9.93269	166.52
9.939	166.52
9.94435	166.52
9.94893	166.52
9.95323	166.52
9.95812	166.52
9.96328	166.52
9.96755	166.52
9.97166	166.52
9.97876	166.52
9.98332	166.52
9.98764	166.52
9.99149	166.52
9.9969	166.52
10.0026	166.52
