0	1.28
0.00822	1.28
0.01668	1.28
0.02439	1.28
0.03148	1.28
0.03859	1.28
0.04663	1.28
0.05545	1.28
0.06382	1.28
0.06949	1.28
0.07674	1.28
0.08435	1.28
0.09203	1.28
0.10062	1.28
0.107	1.28
0.11279	1.28
0.11777	1.28
0.12297	1.28
0.12825	1.28
0.135	1.28
0.14044	1.28
0.14634	1.28
0.15235	1.28
0.15659	1.28
0.1627	1.28
0.16975	1.28
0.17632	1.28
0.18408	1.28
0.19073	1.28
0.19934	1.28
0.20784	1.28
0.21587	1.28
0.22271	1.28
0.23148	1.28
0.23879	1.28
0.24772	1.28
0.25657	1.28
0.26487	1.28
0.27237	1.28
0.27914	1.28
0.2875	1.28
0.2951	1.28
0.30241	1.28
0.30891	1.28
0.31421	1.28
0.31873	1.28
0.3254	1.28
0.33194	1.28
0.34057	1.28
0.34859	1.28
0.35552	1.28
0.36356	1.28
0.37273	1.28
0.38019	1.28
0.38607	1.28
0.39457	1.28
0.40256	1.28
0.40904	1.28
0.41756	1.28
0.42502	1.28
0.43448	1.28
0.44362	1.28
0.45216	1.28
0.4611	1.28
0.46979	1.28
0.47733	1.28
0.48627	1.28
0.49367	1.28
0.50163	1.28
0.50887	1.28
0.51509	1.28
0.51965	1.28
0.52735	1.28
0.53572	1.28
0.54354	1.28
0.55071	1.28
0.56024	1.28
0.56934	1.28
0.57686	1.28
0.5839	1.28
0.58921	1.28
0.5953	1.28
0.60161	1.28
0.60921	1.28
0.61843	1.28
0.62421	1.28
0.6308	1.28
0.63887	1.28
0.64714	1.28
0.65517	1.28
0.66296	1.28
0.67109	1.28
0.67945	1.28
0.6862	1.28
0.69272	1.28
0.70025	1.28
0.70735	1.28
0.71216	1.28
0.71899	1.28
0.72515	1.28
0.73066	1.28
0.73654	1.28
0.7431	1.28
0.74965	1.28
0.75632	1.28
0.76034	1.28
0.76744	1.28
0.77523	1.28
0.78405	1.28
0.79329	1.28
0.80189	1.28
0.81125	1.28
0.8186	1.28
0.82562	1.28
0.83516	1.28
0.84092	1.28
0.84671	1.28
0.85548	1.28
0.86459	1.28
0.87193	1.28
0.87867	1.28
0.88746	1.28
0.89637	1.28
0.9039	1.28
0.91213	1.28
0.92034	1.28
0.92819	1.28
0.93483	1.28
0.94241	1.28
0.94863	1.28
0.9549	1.28
0.96082	1.28
0.96757	1.28
0.9731	1.28
0.97978	1.28
0.98807	1.28
0.99498	1.28
1.00358	1.28
1.01265	1.28
1.02074	1.28
1.02823	1.28
1.03619	1.28
1.04493	1.28
1.05354	1.28
1.06231	1.28
1.07177	1.28
1.0814	1.28
1.09032	1.28
1.09843	1.28
1.10706	1.28
1.11603	1.28
1.12541	1.28
1.13315	1.28
1.1402	1.28
1.14719	1.28
1.15373	1.28
1.15917	1.28
1.16337	1.28
1.16813	1.28
1.17489	1.28
1.18232	1.28
1.18774	1.28
1.19508	1.28
1.20203	1.28
1.20958	1.28
1.21781	1.28
1.22422	1.28
1.2324	1.28
1.24009	1.28
1.24629	1.28
1.25464	1.28
1.26174	1.28
1.26919	1.28
1.278	1.28
1.28682	1.28
1.29553	1.28
1.30759	1.28
1.31419	1.28
1.31975	1.28
1.32536	1.28
1.33218	1.28
1.34056	1.28
1.34769	1.28
1.3543	1.28
1.35869	1.28
1.36636	1.28
1.37566	1.28
1.38347	1.28
1.39091	1.28
1.39521	1.28
1.40334	1.28
1.40766	1.28
1.41345	1.28
1.418	1.28
1.42212	1.28
1.42743	1.28
1.43221	1.28
1.4376	1.28
1.44581	1.28
1.45264	1.28
1.45965	1.28
1.46484	1.28
1.47048	1.28
1.47484	1.28
1.48044	1.28
1.48697	1.28
1.49436	1.28
1.50117	1.28
1.50978	1.28
1.51534	1.28
1.52082	1.28
1.52669	1.28
1.53178	1.28
1.53969	1.28
1.5447	1.28
1.54964	1.28
1.55485	1.28
1.56085	1.28
1.56449	1.28
1.56856	1.28
1.57164	1.28
1.57499	1.28
1.57852	1.28
1.58452	1.28
1.58877	1.28
1.59318	1.28
1.59725	1.28
1.60134	1.28
1.60422	1.28
1.60704	1.28
1.61029	1.28
1.61329	1.28
1.61821	1.28
1.6218	1.28
1.62604	1.28
1.62896	1.28
1.63213	1.28
1.6368	1.28
1.64035	1.28
1.64384	1.28
1.64758	1.28
1.65054	1.28
1.65369	1.28
1.65701	1.28
1.66154	1.28
1.66502	1.28
1.66892	1.28
1.6724	1.28
1.6755	1.28
1.68195	1.28
1.68516	1.28
1.68838	1.28
1.69117	1.28
1.69539	1.28
1.7008	1.28
1.70468	1.28
1.70782	1.28
1.712	1.28
1.71627	1.28
1.71934	1.28
1.72657	1.28
1.73073	1.28
1.73659	1.28
1.74024	1.28
1.74408	1.28
1.74707	1.28
1.75303	1.28
1.75638	1.28
1.75961	1.28
1.76331	1.28
1.76686	1.28
1.77058	1.28
1.77445	1.28
1.78054	1.28
1.78401	1.28
1.79063	1.28
1.7946	1.28
1.80068	1.28
1.80706	1.28
1.81038	1.28
1.81649	1.28
1.82075	1.28
1.82653	1.28
1.83031	1.28
1.8338	1.28
1.8402	1.28
1.84426	1.28
1.85044	1.28
1.85437	1.28
1.85925	1.28
1.86305	1.28
1.86865	1.28
1.87308	1.28
1.87749	1.28
1.88109	1.28
1.88636	1.28
1.88955	1.28
1.89275	1.28
1.8967	1.28
1.89982	1.28
1.90599	1.28
1.91025	1.28
1.91369	1.28
1.91915	1.28
1.92353	1.28
1.9278	1.28
1.93315	1.28
1.93756	1.28
1.94188	1.28
1.94642	1.28
1.95134	1.28
1.95438	1.28
1.95883	1.28
1.96677	1.28
1.97179	1.28
1.97573	1.28
1.98048	1.28
1.98427	1.28
1.98723	1.28
1.99296	1.28
1.99647	1.28
1.99986	1.28
2.00281	1.28
2.00751	1.28
2.01111	1.28
2.01505	1.28
2.0183	1.28
2.02122	1.28
2.02584	1.28
2.02873	1.28
2.03471	1.28
2.04139	1.28
2.04657	1.28
2.05116	1.28
2.05691	1.28
2.06076	1.28
2.06826	1.28
2.07278	1.28
2.07738	1.28
2.08311	1.28
2.09055	1.28
2.0948	1.28
2.09934	1.28
2.10389	1.28
2.11023	1.28
2.11376	1.28
2.11865	1.28
2.122	1.28
2.12508	1.28
2.12878	1.28
2.13269	1.28
2.13651	1.28
2.13997	1.28
2.14507	1.28
2.14907	1.28
2.15267	1.28
2.1565	1.28
2.16318	1.28
2.16727	1.28
2.17264	1.28
2.17803	1.28
2.18982	1.28
2.19598	1.28
2.19964	1.28
2.20759	1.28
2.21524	1.28
2.22331	1.28
2.23049	1.28
2.23638	1.28
2.24369	1.28
2.25119	1.28
2.25609	1.28
2.26009	1.28
2.26315	1.28
2.2687	1.28
2.27358	1.28
2.28072	1.28
2.28644	1.28
2.29352	1.28
2.29931	1.28
2.30475	1.28
2.31191	1.28
2.31675	1.28
2.32027	1.28
2.32637	1.28
2.33095	1.28
2.33807	1.28
2.344	1.28
2.35237	1.28
2.36026	1.28
2.36745	1.28
2.37514	1.28
2.38408	1.28
2.3908	1.28
2.39661	1.28
2.40477	1.28
2.41198	1.28
2.41641	1.28
2.42122	1.28
2.42666	1.28
2.43086	1.28
2.43799	1.28
2.4437	1.28
2.44793	1.28
2.45261	1.28
2.45722	1.28
2.462	1.28
2.46502	1.28
2.46918	1.28
2.47591	1.28
2.48083	1.28
2.48958	1.28
2.49855	1.28
2.50521	1.28
2.51266	1.28
2.51888	1.28
2.52683	1.28
2.53221	1.28
2.53948	1.28
2.54426	1.28
2.54975	1.28
2.55521	1.28
2.56062	1.28
2.56456	1.28
2.56914	1.28
2.57301	1.28
2.57624	1.28
2.57915	1.28
2.58359	1.28
2.58679	1.28
2.59003	1.28
2.59904	1.28
2.60332	1.28
2.60725	1.28
2.61066	1.28
2.61413	1.28
2.61718	1.28
2.62064	1.28
2.62515	1.28
2.63331	1.28
2.63716	1.28
2.64151	1.28
2.65017	1.28
2.65657	1.28
2.66248	1.28
2.66732	1.28
2.67225	1.28
2.67639	1.28
2.67975	1.28
2.68395	1.28
2.69128	1.28
2.69871	1.28
2.70593	1.28
2.71287	1.28
2.71875	1.28
2.72316	1.28
2.72755	1.28
2.73184	1.28
2.73528	1.28
2.73895	1.28
2.74241	1.28
2.74563	1.28
2.74859	1.28
2.75228	1.28
2.75661	1.28
2.76024	1.28
2.76316	1.28
2.76778	1.28
2.77075	1.28
2.77471	1.28
2.77885	1.28
2.78194	1.28
2.7862	1.28
2.78929	1.28
2.792	1.28
2.79591	1.28
2.79897	1.28
2.80277	1.28
2.80607	1.28
2.80918	1.28
2.81309	1.28
2.81595	1.28
2.81925	1.28
2.82307	1.28
2.82601	1.28
2.82896	1.28
2.83259	1.28
2.83524	1.28
2.83852	1.28
2.84616	1.28
2.84986	1.28
2.85378	1.28
2.85861	1.28
2.86324	1.28
2.86681	1.28
2.87112	1.28
2.87463	1.28
2.87825	1.28
2.8812	1.28
2.88555	1.28
2.88834	1.28
2.89203	1.28
2.89596	1.28
2.90129	1.28
2.90467	1.28
2.90749	1.28
2.91275	1.28
2.91636	1.28
2.92087	1.28
2.92438	1.28
2.92909	1.28
2.93399	1.28
2.94076	1.28
2.94472	1.28
2.94828	1.28
2.95176	1.28
2.95583	1.28
2.96182	1.28
2.96675	1.28
2.97271	1.28
2.97637	1.28
2.98059	1.28
2.98452	1.28
2.98845	1.28
2.99171	1.28
2.99562	1.28
2.99971	1.28
3.00364	1.28
3.01074	1.28
3.01473	1.28
3.02065	1.28
3.02491	1.28
3.0282	1.28
3.03338	1.28
3.03727	1.28
3.04446	1.28
3.04879	1.28
3.05274	1.28
3.05602	1.28
3.06015	1.28
3.06595	1.28
3.07295	1.28
3.07736	1.28
3.08174	1.28
3.08467	1.28
3.08899	1.28
3.09297	1.28
3.09696	1.28
3.10115	1.28
3.10852	1.28
3.11313	1.28
3.1181	1.28
3.12238	1.28
3.12661	1.28
3.13063	1.28
3.1365	1.28
3.14227	1.28
3.14698	1.28
3.15147	1.28
3.15662	1.28
3.15984	1.28
3.16506	1.28
3.1701	1.28
3.17324	1.28
3.17894	1.28
3.18452	1.28
3.19047	1.28
3.19429	1.28
3.19844	1.28
3.202	1.28
3.20764	1.28
3.21337	1.28
3.21889	1.28
3.22445	1.28
3.22797	1.28
3.23426	1.28
3.23799	1.28
3.24115	1.28
3.24837	1.28
3.25246	1.28
3.25631	1.28
3.26029	1.28
3.26644	1.28
3.2704	1.28
3.27373	1.28
3.27673	1.28
3.28033	1.28
3.28353	1.28
3.28724	1.28
3.29249	1.28
3.29954	1.28
3.30286	1.28
3.30829	1.28
3.31159	1.28
3.31531	1.28
3.32128	1.28
3.32471	1.28
3.32805	1.28
3.33164	1.28
3.33448	1.28
3.34061	1.28
3.34468	1.28
3.34923	1.28
3.35455	1.28
3.35857	1.28
3.36259	1.28
3.37108	1.28
3.37524	1.28
3.37963	1.28
3.38373	1.28
3.38793	1.28
3.39182	1.28
3.39673	1.28
3.40124	1.28
3.40839	1.28
3.4122	1.28
3.41814	1.28
3.42301	1.28
3.42756	1.28
3.43153	1.28
3.43632	1.28
3.44265	1.28
3.44668	1.28
3.45017	1.28
3.45652	1.28
3.45984	1.28
3.46344	1.28
3.46953	1.28
3.47411	1.28
3.47781	1.28
3.48263	1.28
3.4867	1.28
3.49018	1.28
3.49799	1.28
3.50261	1.28
3.50646	1.28
3.51158	1.28
3.51572	1.28
3.51993	1.28
3.52392	1.28
3.52707	1.28
3.53028	1.28
3.53706	1.28
3.5424	1.28
3.54533	1.28
3.54937	1.28
3.55756	1.28
3.56222	1.28
3.56547	1.28
3.56883	1.28
3.57383	1.28
3.57686	1.28
3.58242	1.28
3.58688	1.28
3.5907	1.28
3.59384	1.28
3.59736	1.28
3.60209	1.28
3.6055	1.28
3.6136	1.28
3.6179	1.28
3.62218	1.28
3.62707	1.28
3.63151	1.28
3.63734	1.28
3.64246	1.28
3.64663	1.28
3.64991	1.28
3.65451	1.28
3.66129	1.28
3.66504	1.28
3.66846	1.28
3.67327	1.28
3.67715	1.28
3.68104	1.28
3.68487	1.28
3.68873	1.28
3.69179	1.28
3.69745	1.28
3.70228	1.28
3.70899	1.28
3.7132	1.28
3.71804	1.28
3.725	1.28
3.72981	1.28
3.73445	1.28
3.73901	1.28
3.74431	1.28
3.74806	1.28
3.75133	1.28
3.75471	1.28
3.75848	1.28
3.76218	1.28
3.76844	1.28
3.77233	1.28
3.77579	1.28
3.77948	1.28
3.78346	1.28
3.78859	1.28
3.79282	1.28
3.79702	1.28
3.80075	1.28
3.80481	1.28
3.8105	1.28
3.81376	1.28
3.81651	1.28
3.82251	1.28
3.82623	1.28
3.83165	1.28
3.83642	1.28
3.83996	1.28
3.84424	1.28
3.84786	1.28
3.85227	1.28
3.8558	1.28
3.85952	1.28
3.86278	1.28
3.86643	1.28
3.86993	1.28
3.87312	1.28
3.87763	1.28
3.88041	1.28
3.88369	1.28
3.8875	1.28
3.89216	1.28
3.89893	1.28
3.90321	1.28
3.90796	1.28
3.91205	1.28
3.91529	1.28
3.91958	1.28
3.92633	1.28
3.93208	1.28
3.93753	1.28
3.94306	1.28
3.94798	1.28
3.95253	1.28
3.95621	1.28
3.96031	1.28
3.96371	1.28
3.96739	1.28
3.97082	1.28
3.97604	1.28
3.97967	1.28
3.98386	1.28
3.9877	1.28
3.99126	1.28
3.99539	1.28
3.99945	1.28
4.00339	1.28
4.00749	1.28
4.01152	1.28
4.01581	1.28
4.01977	1.28
4.0238	1.28
4.02781	1.28
4.03157	1.28
4.03579	1.28
4.03958	1.28
4.04364	1.28
4.04814	1.28
4.05169	1.28
4.05549	1.28
4.05876	1.28
4.06458	1.28
4.06788	1.28
4.07159	1.28
4.07496	1.28
4.07816	1.28
4.08125	1.28
4.08542	1.28
4.0881	1.28
4.09386	1.28
4.09736	1.28
4.10207	1.28
4.10548	1.28
4.10973	1.28
4.11279	1.28
4.1186	1.28
4.12638	1.28
4.13234	1.28
4.1376	1.28
4.14272	1.28
4.14629	1.28
4.14906	1.28
4.15216	1.28
4.15538	1.28
4.15834	1.28
4.16355	1.28
4.16967	1.28
4.17309	1.28
4.17607	1.28
4.18131	1.28
4.18434	1.28
4.188	1.28
4.19082	1.28
4.19434	1.28
4.19716	1.28
4.20013	1.28
4.20423	1.28
4.20969	1.28
4.21293	1.28
4.21639	1.28
4.21927	1.28
4.22268	1.28
4.22665	1.28
4.23042	1.28
4.23527	1.28
4.23867	1.28
4.24223	1.28
4.24509	1.28
4.24802	1.28
4.25087	1.28
4.25361	1.28
4.25705	1.28
4.26055	1.28
4.26616	1.28
4.26908	1.28
4.27214	1.28
4.27503	1.28
4.27829	1.28
4.2814	1.28
4.28429	1.28
4.28887	1.28
4.2922	1.28
4.29712	1.28
4.30013	1.28
4.30542	1.28
4.30985	1.28
4.31295	1.28
4.31602	1.28
4.31897	1.28
4.32267	1.28
4.3262	1.28
4.32921	1.28
4.33241	1.28
4.33566	1.28
4.33844	1.28
4.34238	1.28
4.34517	1.28
4.35062	1.28
4.35558	1.28
4.35959	1.28
4.36409	1.28
4.36823	1.28
4.37183	1.28
4.37506	1.28
4.37789	1.28
4.38071	1.28
4.38686	1.28
4.39055	1.28
4.39374	1.28
4.39909	1.28
4.40356	1.28
4.40759	1.28
4.41179	1.28
4.41607	1.28
4.42201	1.28
4.42603	1.28
4.42978	1.28
4.43404	1.28
4.43696	1.28
4.44367	1.28
4.44691	1.28
4.45076	1.28
4.45609	1.28
4.45993	1.28
4.46307	1.28
4.46802	1.28
4.47421	1.28
4.47831	1.28
4.48201	1.28
4.48735	1.28
4.49112	1.28
4.49484	1.28
4.49879	1.28
4.50235	1.28
4.50923	1.28
4.51326	1.28
4.51753	1.28
4.52152	1.28
4.52429	1.28
4.53014	1.28
4.53294	1.28
4.5367	1.28
4.53999	1.28
4.54397	1.28
4.54834	1.28
4.55374	1.28
4.55927	1.28
4.56326	1.28
4.5688	1.28
4.57238	1.28
4.57597	1.28
4.5795	1.28
4.58302	1.28
4.58676	1.28
4.59181	1.28
4.59572	1.28
4.60018	1.28
4.60385	1.28
4.60792	1.28
4.61439	1.28
4.61775	1.28
4.62202	1.28
4.62679	1.28
4.63088	1.28
4.63563	1.28
4.63965	1.28
4.64363	1.28
4.64692	1.28
4.65092	1.28
4.65506	1.28
4.65875	1.28
4.66276	1.28
4.66687	1.28
4.67103	1.28
4.67522	1.28
4.67898	1.28
4.68297	1.28
4.68724	1.28
4.69097	1.28
4.69499	1.28
4.69991	1.28
4.70398	1.28
4.7076	1.28
4.71101	1.28
4.71517	1.28
4.71926	1.28
4.72324	1.28
4.72716	1.28
4.73077	1.28
4.73497	1.28
4.74104	1.28
4.74494	1.28
4.74979	1.28
4.75356	1.28
4.75663	1.28
4.76201	1.28
4.76509	1.28
4.76978	1.28
4.77329	1.28
4.77719	1.28
4.78585	1.28
4.79027	1.28
4.7956	1.28
4.79955	1.28
4.80487	1.28
4.81071	1.28
4.81418	1.28
4.81918	1.28
4.82248	1.28
4.82737	1.28
4.83119	1.28
4.83561	1.28
4.84003	1.28
4.84515	1.28
4.84977	1.28
4.85489	1.28
4.85893	1.28
4.86307	1.28
4.86691	1.28
4.87203	1.28
4.87524	1.28
4.87984	1.28
4.88352	1.28
4.88724	1.28
4.89067	1.28
4.89441	1.28
4.89768	1.28
4.90152	1.28
4.90759	1.28
4.91132	1.28
4.91559	1.28
4.91893	1.28
4.9226	1.28
4.92705	1.28
4.93359	1.28
4.93848	1.28
4.9424	1.28
4.94641	1.28
4.95169	1.28
4.95603	1.28
4.9619	1.28
4.9671	1.28
4.97094	1.28
4.97711	1.28
4.982	1.28
4.98582	1.28
4.98874	1.28
4.99272	1.28
4.99577	1.28
5.00012	1.28
5.00373	1.28
5.00807	1.28
5.01126	1.28
5.01494	1.28
5.01869	1.28
5.02262	1.28
5.02684	1.28
5.03055	1.28
5.03455	1.28
5.03876	1.28
5.04308	1.28
5.05013	1.28
5.05491	1.28
5.05892	1.28
5.06412	1.28
5.0683	1.28
5.07299	1.28
5.07693	1.28
5.0818	1.28
5.08652	1.28
5.09022	1.28
5.09411	1.28
5.098	1.28
5.10476	1.28
5.11006	1.28
5.1145	1.28
5.11877	1.28
5.12289	1.28
5.12647	1.28
5.1305	1.28
5.13502	1.28
5.13884	1.28
5.1431	1.28
5.14687	1.28
5.15011	1.28
5.15288	1.28
5.15888	1.28
5.1635	1.28
5.16691	1.28
5.17348	1.28
5.17855	1.28
5.18219	1.28
5.18907	1.28
5.19305	1.28
5.19732	1.28
5.20122	1.28
5.206	1.28
5.2097	1.28
5.21458	1.28
5.2185	1.28
5.22274	1.28
5.22883	1.28
5.23308	1.28
5.23717	1.28
5.24141	1.28
5.24608	1.28
5.24903	1.28
5.25338	1.28
5.25609	1.28
5.26971	1.28
5.27636	1.28
5.28072	1.28
5.28391	1.28
5.28888	1.28
5.29415	1.28
5.29719	1.28
5.30226	1.28
5.30825	1.28
5.31221	1.28
5.31609	1.28
5.31976	1.28
5.32348	1.28
5.32693	1.28
5.32988	1.28
5.33271	1.28
5.33593	1.28
5.33965	1.28
5.34325	1.28
5.34696	1.28
5.35075	1.28
5.35399	1.28
5.35675	1.28
5.3616	1.28
5.36828	1.28
5.3715	1.28
5.37545	1.28
5.38028	1.28
5.38348	1.28
5.38724	1.28
5.39159	1.28
5.3952	1.28
5.39881	1.28
5.40176	1.28
5.40601	1.28
5.41107	1.28
5.41481	1.28
5.41787	1.28
5.42075	1.28
5.42473	1.28
5.42763	1.28
5.43133	1.28
5.43421	1.28
5.43806	1.28
5.44086	1.28
5.4438	1.28
5.44692	1.28
5.4503	1.28
5.45313	1.28
5.45709	1.28
5.46015	1.28
5.46487	1.28
5.46872	1.28
5.47161	1.28
5.47599	1.28
5.47891	1.28
5.48474	1.28
5.49103	1.28
5.49543	1.28
5.50016	1.28
5.5059	1.28
5.51041	1.28
5.51901	1.28
5.52724	1.28
5.5337	1.28
5.53863	1.28
5.54337	1.28
5.54759	1.28
5.55157	1.28
5.55536	1.28
5.55924	1.28
5.5629	1.28
5.56668	1.28
5.5707	1.28
5.57414	1.28
5.57795	1.28
5.58201	1.28
5.58517	1.28
5.59183	1.28
5.59532	1.28
5.60106	1.28
5.60482	1.28
5.60859	1.28
5.61158	1.28
5.61895	1.28
5.62611	1.28
5.63161	1.28
5.63692	1.28
5.64208	1.28
5.647	1.28
5.65071	1.28
5.65843	1.28
5.66378	1.28
5.66779	1.28
5.67217	1.28
5.67538	1.28
5.67959	1.28
5.68563	1.28
5.68978	1.28
5.69306	1.28
5.69744	1.28
5.70083	1.28
5.70571	1.28
5.70872	1.28
5.71192	1.28
5.71495	1.28
5.71892	1.28
5.72313	1.28
5.72694	1.28
5.73115	1.28
5.73492	1.28
5.74033	1.28
5.74352	1.28
5.74744	1.28
5.75129	1.28
5.75627	1.28
5.76016	1.28
5.76358	1.28
5.76718	1.28
5.77135	1.28
5.77514	1.28
5.77864	1.28
5.78314	1.28
5.78924	1.28
5.79295	1.28
5.7972	1.28
5.80048	1.28
5.80376	1.28
5.80774	1.28
5.81425	1.28
5.81775	1.28
5.82178	1.28
5.82469	1.28
5.83029	1.28
5.83368	1.28
5.83776	1.28
5.84287	1.28
5.84638	1.28
5.85107	1.28
5.85475	1.28
5.86233	1.28
5.86794	1.28
5.87378	1.28
5.87802	1.28
5.88305	1.28
5.88689	1.28
5.89043	1.28
5.89438	1.28
5.8984	1.28
5.90204	1.28
5.90525	1.28
5.90928	1.28
5.91429	1.28
5.91872	1.28
5.92637	1.28
5.93031	1.28
5.93412	1.28
5.93859	1.28
5.943	1.28
5.94889	1.28
5.95268	1.28
5.95615	1.28
5.96172	1.28
5.96647	1.28
5.97036	1.28
5.97401	1.28
5.97937	1.28
5.98465	1.28
5.98881	1.28
5.99255	1.28
5.9963	1.28
5.9998	1.28
6.00441	1.28
6.0084	1.28
6.01192	1.28
6.01567	1.28
6.0204	1.28
6.02453	1.28
6.02895	1.28
6.03253	1.28
6.03569	1.28
6.04174	1.28
6.04649	1.28
6.05071	1.28
6.05465	1.28
6.05856	1.28
6.06571	1.28
6.07044	1.28
6.0742	1.28
6.07855	1.28
6.08651	1.28
6.09386	1.28
6.09934	1.28
6.10464	1.28
6.10888	1.28
6.11311	1.28
6.11884	1.28
6.12358	1.28
6.12816	1.28
6.13418	1.28
6.13832	1.28
6.14393	1.28
6.14742	1.28
6.15165	1.28
6.15514	1.28
6.16201	1.28
6.16668	1.28
6.17056	1.28
6.17476	1.28
6.18154	1.28
6.18504	1.28
6.18912	1.28
6.19272	1.28
6.19632	1.28
6.19953	1.28
6.20329	1.28
6.20809	1.28
6.21434	1.28
6.21798	1.28
6.22362	1.28
6.22739	1.28
6.23244	1.28
6.23806	1.28
6.24186	1.28
6.24687	1.28
6.25461	1.28
6.25854	1.28
6.26312	1.28
6.26784	1.28
6.27204	1.28
6.27545	1.28
6.28049	1.28
6.28458	1.28
6.28794	1.28
6.29436	1.28
6.2973	1.28
6.3011	1.28
6.30468	1.28
6.30841	1.28
6.3114	1.28
6.31827	1.28
6.32197	1.28
6.32498	1.28
6.32857	1.28
6.33171	1.28
6.33778	1.28
6.34235	1.28
6.34676	1.28
6.3539	1.28
6.35874	1.28
6.36262	1.28
6.36928	1.28
6.37394	1.28
6.3788	1.28
6.3836	1.28
6.38878	1.28
6.39439	1.28
6.39834	1.28
6.40168	1.28
6.40684	1.28
6.41029	1.28
6.4158	1.28
6.41975	1.28
6.42317	1.28
6.42654	1.28
6.43283	1.28
6.43688	1.28
6.44047	1.28
6.44404	1.28
6.45015	1.28
6.45376	1.28
6.45653	1.28
6.45969	1.28
6.46436	1.28
6.4686	1.28
6.47224	1.28
6.47595	1.28
6.47944	1.28
6.48428	1.28
6.48823	1.28
6.4941	1.28
6.49733	1.28
6.50147	1.28
6.50438	1.28
6.50802	1.28
6.51288	1.28
6.51685	1.28
6.52053	1.28
6.52402	1.28
6.52819	1.28
6.53423	1.28
6.53788	1.28
6.54113	1.28
6.54473	1.28
6.54841	1.28
6.55196	1.28
6.55767	1.28
6.56206	1.28
6.56506	1.28
6.56918	1.28
6.57504	1.28
6.58231	1.28
6.58646	1.28
6.59088	1.28
6.5957	1.28
6.59966	1.28
6.60322	1.28
6.60694	1.28
6.61065	1.28
6.61436	1.28
6.61871	1.28
6.62282	1.28
6.62943	1.28
6.63425	1.28
6.63843	1.28
6.64402	1.28
6.64858	1.28
6.65323	1.28
6.6574	1.28
6.66365	1.28
6.6671	1.28
6.67208	1.28
6.67575	1.28
6.67975	1.28
6.68357	1.28
6.68769	1.28
6.69163	1.28
6.69587	1.28
6.70249	1.28
6.70564	1.28
6.70854	1.28
6.71204	1.28
6.71569	1.28
6.72241	1.28
6.72678	1.28
6.73078	1.28
6.73498	1.28
6.74177	1.28
6.74608	1.28
6.7507	1.28
6.7547	1.28
6.76027	1.28
6.76417	1.28
6.76997	1.28
6.77298	1.28
6.77721	1.28
6.78054	1.28
6.78526	1.28
6.791	1.28
6.79549	1.28
6.79955	1.28
6.8038	1.28
6.80838	1.28
6.81481	1.28
6.81857	1.28
6.82252	1.28
6.82591	1.28
6.83361	1.28
6.83924	1.28
6.84314	1.28
6.84667	1.28
6.85083	1.28
6.85473	1.28
6.85852	1.28
6.86351	1.28
6.86907	1.28
6.87337	1.28
6.87729	1.28
6.88368	1.28
6.88884	1.28
6.89493	1.28
6.89945	1.28
6.90329	1.28
6.90681	1.28
6.91334	1.28
6.91854	1.28
6.92268	1.28
6.92658	1.28
6.93007	1.28
6.93694	1.28
6.94085	1.28
6.94421	1.28
6.9485	1.28
6.95307	1.28
6.95684	1.28
6.96053	1.28
6.96363	1.28
6.96738	1.28
6.97151	1.28
6.97844	1.28
6.9824	1.28
6.98978	1.28
6.99392	1.28
6.9984	1.28
7.00383	1.28
7.00788	1.28
7.01227	1.28
7.01516	1.28
7.0192	1.28
7.02352	1.28
7.02701	1.28
7.03228	1.28
7.03547	1.28
7.04206	1.28
7.04501	1.28
7.04859	1.28
7.05213	1.28
7.05825	1.28
7.06224	1.28
7.0656	1.28
7.07003	1.28
7.07433	1.28
7.07956	1.28
7.08486	1.28
7.08876	1.28
7.09535	1.28
7.10072	1.28
7.104	1.28
7.11183	1.28
7.11557	1.28
7.12116	1.28
7.12469	1.28
7.12802	1.28
7.13158	1.28
7.13683	1.28
7.14105	1.28
7.1493	1.28
7.15591	1.28
7.1598	1.28
7.16405	1.28
7.16829	1.28
7.17475	1.28
7.17831	1.28
7.18493	1.28
7.18887	1.28
7.19226	1.28
7.19834	1.28
7.20185	1.28
7.20934	1.28
7.21523	1.28
7.22079	1.28
7.22499	1.28
7.22928	1.28
7.23293	1.28
7.2393	1.28
7.24336	1.28
7.24882	1.28
7.25355	1.28
7.25666	1.28
7.26064	1.28
7.26391	1.28
7.2669	1.28
7.27056	1.28
7.27437	1.28
7.27729	1.28
7.28155	1.28
7.28429	1.28
7.29033	1.28
7.2943	1.28
7.29932	1.28
7.30276	1.28
7.30728	1.28
7.31237	1.28
7.31585	1.28
7.32012	1.28
7.32508	1.28
7.32907	1.28
7.33422	1.28
7.33776	1.28
7.34072	1.28
7.3443	1.28
7.34735	1.28
7.35245	1.28
7.35664	1.28
7.35976	1.28
7.36417	1.28
7.36734	1.28
7.37085	1.28
7.3784	1.28
7.38236	1.28
7.388	1.28
7.39194	1.28
7.39589	1.28
7.40027	1.28
7.40674	1.28
7.4103	1.28
7.41617	1.28
7.42011	1.28
7.42528	1.28
7.4299	1.28
7.43345	1.28
7.43799	1.28
7.44255	1.28
7.44653	1.28
7.45051	1.28
7.45445	1.28
7.45904	1.28
7.46315	1.28
7.46721	1.28
7.47354	1.28
7.47887	1.28
7.48332	1.28
7.48786	1.28
7.49182	1.28
7.49551	1.28
7.49925	1.28
7.50336	1.28
7.50846	1.28
7.51267	1.28
7.51895	1.28
7.52281	1.28
7.528	1.28
7.53182	1.28
7.53511	1.28
7.53878	1.28
7.54653	1.28
7.55117	1.28
7.55525	1.28
7.56058	1.28
7.5638	1.28
7.56754	1.28
7.57107	1.28
7.57472	1.28
7.57804	1.28
7.58438	1.28
7.58765	1.28
7.59157	1.28
7.59545	1.28
7.60147	1.28
7.60535	1.28
7.61301	1.28
7.61669	1.28
7.61958	1.28
7.62555	1.28
7.6291	1.28
7.63303	1.28
7.63784	1.28
7.64175	1.28
7.64443	1.28
7.64753	1.28
7.65096	1.28
7.65472	1.28
7.65793	1.28
7.66085	1.28
7.66483	1.28
7.66882	1.28
7.67295	1.28
7.67665	1.28
7.67975	1.28
7.68362	1.28
7.68856	1.28
7.69505	1.28
7.69883	1.28
7.70259	1.28
7.70619	1.28
7.71113	1.28
7.71637	1.28
7.72068	1.28
7.72405	1.28
7.72794	1.28
7.73214	1.28
7.73862	1.28
7.74199	1.28
7.74498	1.28
7.74896	1.28
7.75511	1.28
7.75834	1.28
7.76195	1.28
7.76866	1.28
7.77228	1.28
7.77544	1.28
7.78166	1.28
7.7854	1.28
7.78962	1.28
7.79245	1.28
7.79853	1.28
7.802	1.28
7.80707	1.28
7.81188	1.28
7.81498	1.28
7.81881	1.28
7.82347	1.28
7.8281	1.28
7.83231	1.28
7.83649	1.28
7.84012	1.28
7.84412	1.28
7.85067	1.28
7.85419	1.28
7.85872	1.28
7.86218	1.28
7.86849	1.28
7.87266	1.28
7.87587	1.28
7.87919	1.28
7.88454	1.28
7.88855	1.28
7.89184	1.28
7.89524	1.28
7.89889	1.28
7.90509	1.28
7.90888	1.28
7.91302	1.28
7.91713	1.28
7.92246	1.28
7.9275	1.28
7.93154	1.28
7.93517	1.28
7.93927	1.28
7.94304	1.28
7.94888	1.28
7.9528	1.28
7.95729	1.28
7.96237	1.28
7.96794	1.28
7.97109	1.28
7.97512	1.28
7.97874	1.28
7.98188	1.28
7.99023	1.28
7.99886	1.28
8.00747	1.28
8.01439	1.28
8.01993	1.28
8.02688	1.28
8.03437	1.28
8.04042	1.28
8.04464	1.28
8.04906	1.28
8.05443	1.28
8.06006	1.28
8.06494	1.28
8.07033	1.28
8.07839	1.28
8.08358	1.28
8.09006	1.28
8.09773	1.28
8.10289	1.28
8.1068	1.28
8.11211	1.28
8.11668	1.28
8.12118	1.28
8.12473	1.28
8.12885	1.28
8.13362	1.28
8.13976	1.28
8.14478	1.28
8.15263	1.28
8.15801	1.28
8.16349	1.28
8.16763	1.28
8.17148	1.28
8.17584	1.28
8.17967	1.28
8.18386	1.28
8.18765	1.28
8.19148	1.28
8.19681	1.28
8.20115	1.28
8.20478	1.28
8.20853	1.28
8.21325	1.28
8.21721	1.28
8.22062	1.28
8.22382	1.28
8.23061	1.28
8.23424	1.28
8.23737	1.28
8.2439	1.28
8.24725	1.28
8.25411	1.28
8.25976	1.28
8.26323	1.28
8.26682	1.28
8.27216	1.28
8.27556	1.28
8.2787	1.28
8.28643	1.28
8.29213	1.28
8.29593	1.28
8.30036	1.28
8.30407	1.28
8.30791	1.28
8.31134	1.28
8.31711	1.28
8.32025	1.28
8.32654	1.28
8.33307	1.28
8.33786	1.28
8.34236	1.28
8.34659	1.28
8.35084	1.28
8.35481	1.28
8.35843	1.28
8.36241	1.28
8.36519	1.28
8.37028	1.28
8.37518	1.28
8.3798	1.28
8.38329	1.28
8.38744	1.28
8.39133	1.28
8.39574	1.28
8.40019	1.28
8.40583	1.28
8.41025	1.28
8.41341	1.28
8.41736	1.28
8.42295	1.28
8.427	1.28
8.43147	1.28
8.43524	1.28
8.4389	1.28
8.44438	1.28
8.44783	1.28
8.45213	1.28
8.45509	1.28
8.45882	1.28
8.4639	1.28
8.46763	1.28
8.47174	1.28
8.47549	1.28
8.47907	1.28
8.48279	1.28
8.4878	1.28
8.49171	1.28
8.49563	1.28
8.49933	1.28
8.50401	1.28
8.50844	1.28
8.51197	1.28
8.51616	1.28
8.5192	1.28
8.5262	1.28
8.5298	1.28
8.53321	1.28
8.53645	1.28
8.5395	1.28
8.54335	1.28
8.54681	1.28
8.55381	1.28
8.55866	1.28
8.5628	1.28
8.56845	1.28
8.57238	1.28
8.57898	1.28
8.58365	1.28
8.58897	1.28
8.59387	1.28
8.59822	1.28
8.60214	1.28
8.60644	1.28
8.61157	1.28
8.61537	1.28
8.61892	1.28
8.62485	1.28
8.62848	1.28
8.63341	1.28
8.63904	1.28
8.64281	1.28
8.64836	1.28
8.6518	1.28
8.65559	1.28
8.66012	1.28
8.66357	1.28
8.66648	1.28
8.67195	1.28
8.67539	1.28
8.67851	1.28
8.68163	1.28
8.68706	1.28
8.69161	1.28
8.69642	1.28
8.70015	1.28
8.70626	1.28
8.71105	1.28
8.71448	1.28
8.71793	1.28
8.72412	1.28
8.72798	1.28
8.73161	1.28
8.73515	1.28
8.73897	1.28
8.75207	1.28
8.75855	1.28
8.76737	1.28
8.77605	1.28
8.78466	1.28
8.79119	1.28
8.79742	1.28
8.80252	1.28
8.81	1.28
8.81552	1.28
8.82002	1.28
8.82408	1.28
8.82958	1.28
8.83342	1.28
8.83814	1.28
8.84168	1.28
8.84608	1.28
8.85045	1.28
8.85808	1.28
8.86297	1.28
8.86683	1.28
8.87079	1.28
8.87839	1.28
8.88531	1.28
8.8903	1.28
8.89539	1.28
8.89934	1.28
8.90379	1.28
8.90731	1.28
8.91277	1.28
8.91629	1.28
8.92232	1.28
8.92581	1.28
8.92911	1.28
8.93267	1.28
8.93563	1.28
8.94126	1.28
8.94754	1.28
8.95258	1.28
8.95727	1.28
8.96201	1.28
8.96631	1.28
8.97001	1.28
8.97319	1.28
8.97727	1.28
8.98062	1.28
8.98593	1.28
8.99077	1.28
8.99434	1.28
9.00044	1.28
9.005	1.28
9.00906	1.28
9.01417	1.28
9.01986	1.28
9.0239	1.28
9.03026	1.28
9.037	1.28
9.04155	1.28
9.0464	1.28
9.05083	1.28
9.05675	1.28
9.06053	1.28
9.06687	1.28
9.07171	1.28
9.07807	1.28
9.08214	1.28
9.08617	1.28
9.09027	1.28
9.0939	1.28
9.09736	1.28
9.10208	1.28
9.10552	1.28
9.11088	1.28
9.11617	1.28
9.11956	1.28
9.12368	1.28
9.12983	1.28
9.13475	1.28
9.13858	1.28
9.14356	1.28
9.14676	1.28
9.15047	1.28
9.15446	1.28
9.15772	1.28
9.16354	1.28
9.16756	1.28
9.1711	1.28
9.17799	1.28
9.18415	1.28
9.19054	1.28
9.19489	1.28
9.19919	1.28
9.20286	1.28
9.21017	1.28
9.2133	1.28
9.21703	1.28
9.22088	1.28
9.22512	1.28
9.23047	1.28
9.23604	1.28
9.23979	1.28
9.24589	1.28
9.25024	1.28
9.2557	1.28
9.25916	1.28
9.26327	1.28
9.26677	1.28
9.27119	1.28
9.27698	1.28
9.28053	1.28
9.28462	1.28
9.28788	1.28
9.29404	1.28
9.30018	1.28
9.30433	1.28
9.30932	1.28
9.31471	1.28
9.31924	1.28
9.32292	1.28
9.32792	1.28
9.33405	1.28
9.33725	1.28
9.34127	1.28
9.34854	1.28
9.35237	1.28
9.35647	1.28
9.36025	1.28
9.36361	1.28
9.36762	1.28
9.37366	1.28
9.37825	1.28
9.38196	1.28
9.38833	1.28
9.3915	1.28
9.3955	1.28
9.40063	1.28
9.40607	1.28
9.41096	1.28
9.41698	1.28
9.42071	1.28
9.42392	1.28
9.42712	1.28
9.43079	1.28
9.43501	1.28
9.44104	1.28
9.44502	1.28
9.45022	1.28
9.45702	1.28
9.46323	1.28
9.46749	1.28
9.47333	1.28
9.47711	1.28
9.48397	1.28
9.48846	1.28
9.49182	1.28
9.49512	1.28
9.49835	1.28
9.50305	1.28
9.50852	1.28
9.51166	1.28
9.51474	1.28
9.52298	1.28
9.52721	1.28
9.53052	1.28
9.53768	1.28
9.54396	1.28
9.54777	1.28
9.55412	1.28
9.55858	1.28
9.56208	1.28
9.5651	1.28
9.56899	1.28
9.57336	1.28
9.58094	1.28
9.58598	1.28
9.59056	1.28
9.59687	1.28
9.60087	1.28
9.60501	1.28
9.6087	1.28
9.61232	1.28
9.61536	1.28
9.62239	1.28
9.62663	1.28
9.6303	1.28
9.63488	1.28
9.63888	1.28
9.64293	1.28
9.64697	1.28
9.65061	1.28
9.65455	1.28
9.65726	1.28
9.66146	1.28
9.66421	1.28
9.67	1.28
9.67323	1.28
9.67755	1.28
9.68039	1.28
9.68369	1.28
9.68688	1.28
9.69048	1.28
9.69436	1.28
9.69708	1.28
9.70119	1.28
9.70553	1.28
9.71028	1.28
9.71318	1.28
9.71714	1.28
9.7223	1.28
9.72533	1.28
9.72967	1.28
9.73251	1.28
9.7388	1.28
9.74255	1.28
9.7456	1.28
9.74878	1.28
9.75366	1.28
9.75669	1.28
9.76019	1.28
9.76452	1.28
9.76782	1.28
9.77369	1.28
9.78049	1.28
9.78646	1.28
9.79094	1.28
9.79808	1.28
9.8052	1.28
9.81043	1.28
9.81577	1.28
9.82247	1.28
9.82789	1.28
9.83284	1.28
9.84002	1.28
9.84672	1.28
9.85092	1.28
9.85504	1.28
9.85853	1.28
9.86633	1.28
9.87244	1.28
9.87574	1.28
9.87932	1.28
9.88384	1.28
9.887	1.28
9.89154	1.28
9.89564	1.28
9.89902	1.28
9.9054	1.28
9.90888	1.28
9.9133	1.28
9.92049	1.28
9.92374	1.28
9.92688	1.28
9.93198	1.28
9.93521	1.28
9.93885	1.28
9.94216	1.28
9.94497	1.28
9.9505	1.28
9.95446	1.28
9.96043	1.28
9.96476	1.28
9.9684	1.28
9.97202	1.28
9.97756	1.28
9.98096	1.28
9.98494	1.28
9.99085	1.28
9.99448	1.28
