0	6295.904
0.00638	6295.904
0.0101	6295.904
0.01415	6295.904
0.01796	6295.904
0.02211	6295.904
0.02556	6295.904
0.02969	6295.904
0.03462	6295.904
0.03812	6295.904
0.04131	6295.904
0.04492	6295.904
0.04818	6295.904
0.05239	6295.904
0.05612	6295.904
0.06018	6295.904
0.0646	6295.904
0.06944	6295.904
0.07306	6295.904
0.07659	6295.904
0.07983	6295.904
0.08391	6295.904
0.08771	6295.904
0.09155	6295.904
0.09514	6295.904
0.09842	6295.904
0.1028	6295.904
0.10866	6295.904
0.11213	6295.904
0.11738	6295.904
0.12195	6295.904
0.12682	6295.904
0.13118	6295.904
0.13474	6295.904
0.13852	6295.904
0.14216	6295.904
0.14528	6295.904
0.14862	6295.904
0.15216	6295.904
0.15649	6295.904
0.16032	6295.904
0.1649	6295.904
0.16899	6295.904
0.17266	6295.904
0.17586	6295.904
0.17905	6295.904
0.18379	6295.904
0.18767	6295.904
0.19269	6295.904
0.19689	6295.904
0.20148	6295.904
0.20538	6295.904
0.20858	6295.904
0.21302	6295.904
0.21692	6295.904
0.22366	6295.904
0.22905	6295.904
0.2327	6295.904
0.23634	6295.904
0.24018	6295.904
0.24441	6295.904
0.24792	6295.904
0.25374	6295.904
0.25929	6295.904
0.26313	6295.904
0.26671	6295.904
0.27112	6295.904
0.27492	6295.904
0.27927	6295.904
0.28295	6295.904
0.28689	6295.904
0.29339	6295.904
0.29863	6295.904
0.30325	6295.904
0.30807	6295.904
0.3126	6295.904
0.31605	6295.904
0.32006	6295.904
0.3236	6295.904
0.32753	6295.904
0.34374	6295.904
0.35275	6295.904
0.35843	6295.904
0.36418	6295.904
0.36933	6295.904
0.37376	6295.904
0.37725	6295.904
0.38104	6295.904
0.38452	6295.904
0.38881	6295.904
0.39246	6295.904
0.39634	6295.904
0.40298	6295.904
0.40665	6295.904
0.40977	6295.904
0.4141	6295.904
0.41754	6295.904
0.42104	6295.904
0.42444	6295.904
0.42855	6295.904
0.43294	6295.904
0.43736	6295.904
0.44034	6295.904
0.44558	6295.904
0.44912	6295.904
0.453	6295.904
0.45755	6295.904
0.46194	6295.904
0.46512	6295.904
0.46867	6295.904
0.47278	6295.904
0.47618	6295.904
0.48012	6295.904
0.4841	6295.904
0.48821	6295.904
0.4922	6295.904
0.49625	6295.904
0.50055	6295.904
0.50576	6295.904
0.51119	6295.904
0.51548	6295.904
0.51919	6295.904
0.52251	6295.904
0.52855	6295.904
0.53183	6295.904
0.53882	6295.904
0.54281	6295.904
0.54624	6295.904
0.54961	6295.904
0.55829	6295.904
0.56361	6295.904
0.56835	6295.904
0.5727	6295.904
0.57605	6295.904
0.58017	6295.904
0.58472	6295.904
0.58846	6295.904
0.59236	6295.904
0.59581	6295.904
0.60012	6295.904
0.6035	6295.904
0.60741	6295.904
0.6108	6295.904
0.61428	6295.904
0.61853	6295.904
0.62174	6295.904
0.62601	6295.904
0.62926	6295.904
0.63277	6295.904
0.63583	6295.904
0.64003	6295.904
0.64343	6295.904
0.64863	6295.904
0.65238	6295.904
0.65645	6295.904
0.6607	6295.904
0.66538	6295.904
0.66919	6295.904
0.67273	6295.904
0.67588	6295.904
0.67924	6295.904
0.68281	6295.904
0.68717	6295.904
0.69043	6295.904
0.69396	6295.904
0.69796	6295.904
0.70134	6295.904
0.70469	6295.904
0.70889	6295.904
0.71252	6295.904
0.71592	6295.904
0.71917	6295.904
0.72342	6295.904
0.72683	6295.904
0.73037	6295.904
0.73462	6295.904
0.73807	6295.904
0.74421	6295.904
0.74758	6295.904
0.75066	6295.904
0.75416	6295.904
0.75862	6295.904
0.76192	6295.904
0.76542	6295.904
0.76892	6295.904
0.7722	6295.904
0.77978	6295.904
0.78454	6295.904
0.78781	6295.904
0.7912	6295.904
0.79447	6295.904
0.79808	6295.904
0.80254	6295.904
0.80628	6295.904
0.81052	6295.904
0.81405	6295.904
0.81752	6295.904
0.82144	6295.904
0.82592	6295.904
0.82944	6295.904
0.83263	6295.904
0.8362	6295.904
0.83982	6295.904
0.84364	6295.904
0.84832	6295.904
0.85223	6295.904
0.85642	6295.904
0.86002	6295.904
0.86438	6295.904
0.86892	6295.904
0.87251	6295.904
0.87625	6295.904
0.87995	6295.904
0.88325	6295.904
0.89696	6295.904
0.90105	6295.904
0.90437	6295.904
0.90851	6295.904
0.91218	6295.904
0.91573	6295.904
0.9199	6295.904
0.92378	6295.904
0.92751	6295.904
0.93166	6295.904
0.93526	6295.904
0.93875	6295.904
0.94314	6295.904
0.94755	6295.904
0.95112	6295.904
0.95511	6295.904
0.95888	6295.904
0.96301	6295.904
0.96653	6295.904
0.96988	6295.904
0.97329	6295.904
0.97652	6295.904
0.98051	6295.904
0.98419	6295.904
0.98801	6295.904
0.99424	6295.904
0.99903	6295.904
1.00761	6295.904
1.01196	6295.904
1.01586	6295.904
1.02304	6295.904
1.02675	6295.904
1.02994	6295.904
1.03364	6295.904
1.03809	6295.904
1.04139	6295.904
1.04464	6295.904
1.04799	6295.904
1.05199	6295.904
1.05574	6295.904
1.05909	6295.904
1.06274	6295.904
1.06744	6295.904
1.07121	6295.904
1.07444	6295.904
1.07732	6295.904
1.08089	6295.904
1.08413	6295.904
1.08751	6295.904
1.09215	6295.904
1.09582	6295.904
1.09901	6295.904
1.10297	6295.904
1.10682	6295.904
1.11272	6295.904
1.12336	6295.904
1.13046	6295.904
1.13639	6295.904
1.1397	6295.904
1.14381	6295.904
1.14754	6295.904
1.15098	6295.904
1.15539	6295.904
1.15884	6295.904
1.16197	6295.904
1.166	6295.904
1.1693	6295.904
1.17283	6295.904
1.17582	6295.904
1.17978	6295.904
1.18346	6295.904
1.18723	6295.904
1.19092	6295.904
1.1952	6295.904
1.19867	6295.904
1.20163	6295.904
1.20511	6295.904
1.21288	6295.904
1.21664	6295.904
1.22117	6295.904
1.2246	6295.904
1.22932	6295.904
1.23276	6295.904
1.23639	6295.904
1.23968	6295.904
1.24298	6295.904
1.24621	6295.904
1.2493	6295.904
1.25321	6295.904
1.25686	6295.904
1.2603	6295.904
1.26483	6295.904
1.26816	6295.904
1.27158	6295.904
1.27673	6295.904
1.28014	6295.904
1.28527	6295.904
1.28854	6295.904
1.29192	6295.904
1.2981	6295.904
1.30249	6295.904
1.30556	6295.904
1.30968	6295.904
1.31301	6295.904
1.31752	6295.904
1.32073	6295.904
1.32415	6295.904
1.32758	6295.904
1.33267	6295.904
1.33994	6295.904
1.34672	6295.904
1.35155	6295.904
1.35632	6295.904
1.36018	6295.904
1.36351	6295.904
1.36855	6295.904
1.37292	6295.904
1.37713	6295.904
1.38047	6295.904
1.38394	6295.904
1.38795	6295.904
1.39139	6295.904
1.39543	6295.904
1.39886	6295.904
1.40294	6295.904
1.40714	6295.904
1.41129	6295.904
1.41749	6295.904
1.42102	6295.904
1.42622	6295.904
1.43065	6295.904
1.43406	6295.904
1.43796	6295.904
1.44141	6295.904
1.44612	6295.904
1.45254	6295.904
1.45632	6295.904
1.46056	6295.904
1.46411	6295.904
1.46753	6295.904
1.4706	6295.904
1.47485	6295.904
1.47811	6295.904
1.48141	6295.904
1.48581	6295.904
1.48885	6295.904
1.49211	6295.904
1.49785	6295.904
1.50134	6295.904
1.50457	6295.904
1.50821	6295.904
1.51169	6295.904
1.51588	6295.904
1.51917	6295.904
1.52309	6295.904
1.52651	6295.904
1.52973	6295.904
1.53407	6295.904
1.53721	6295.904
1.54069	6295.904
1.54384	6295.904
1.54863	6295.904
1.55584	6295.904
1.56226	6295.904
1.5666	6295.904
1.57088	6295.904
1.57396	6295.904
1.57721	6295.904
1.58093	6295.904
1.58419	6295.904
1.58794	6295.904
1.59205	6295.904
1.59587	6295.904
1.59962	6295.904
1.60339	6295.904
1.60744	6295.904
1.61107	6295.904
1.61531	6295.904
1.62008	6295.904
1.62423	6295.904
1.62787	6295.904
1.63087	6295.904
1.63521	6295.904
1.63924	6295.904
1.64244	6295.904
1.64839	6295.904
1.6519	6295.904
1.6558	6295.904
1.65925	6295.904
1.66215	6295.904
1.66743	6295.904
1.67674	6295.904
1.6812	6295.904
1.68422	6295.904
1.68735	6295.904
1.69125	6295.904
1.69527	6295.904
1.70134	6295.904
1.70617	6295.904
1.71053	6295.904
1.71406	6295.904
1.71741	6295.904
1.72113	6295.904
1.7281	6295.904
1.73262	6295.904
1.73583	6295.904
1.73957	6295.904
1.7428	6295.904
1.74596	6295.904
1.7508	6295.904
1.75723	6295.904
1.76082	6295.904
1.76411	6295.904
1.76737	6295.904
1.77222	6295.904
1.78155	6295.904
1.78527	6295.904
1.78895	6295.904
1.7934	6295.904
1.79655	6295.904
1.80012	6295.904
1.80334	6295.904
1.80651	6295.904
1.8108	6295.904
1.81415	6295.904
1.81825	6295.904
1.82234	6295.904
1.82547	6295.904
1.82891	6295.904
1.83216	6295.904
1.83699	6295.904
1.84122	6295.904
1.84471	6295.904
1.84787	6295.904
1.85202	6295.904
1.85529	6295.904
1.85912	6295.904
1.86236	6295.904
1.86525	6295.904
1.86862	6295.904
1.87188	6295.904
1.87885	6295.904
1.88312	6295.904
1.88677	6295.904
1.89137	6295.904
1.89599	6295.904
1.89993	6295.904
1.90333	6295.904
1.90697	6295.904
1.91017	6295.904
1.91433	6295.904
1.91814	6295.904
1.92144	6295.904
1.92616	6295.904
1.92934	6295.904
1.93274	6295.904
1.93602	6295.904
1.9405	6295.904
1.94393	6295.904
1.9478	6295.904
1.95134	6295.904
1.95518	6295.904
1.95918	6295.904
1.96266	6295.904
1.96579	6295.904
1.97005	6295.904
1.97296	6295.904
1.97895	6295.904
1.98277	6295.904
1.98693	6295.904
1.99085	6295.904
1.99451	6295.904
1.99773	6295.904
2.00421	6295.904
2.00818	6295.904
2.01157	6295.904
2.01498	6295.904
2.01832	6295.904
2.02162	6295.904
2.02554	6295.904
2.02876	6295.904
2.03297	6295.904
2.03906	6295.904
2.04377	6295.904
2.04787	6295.904
2.05149	6295.904
2.05605	6295.904
2.05997	6295.904
2.06409	6295.904
2.06755	6295.904
2.07143	6295.904
2.0752	6295.904
2.07935	6295.904
2.08375	6295.904
2.08872	6295.904
2.09225	6295.904
2.09668	6295.904
2.09971	6295.904
2.10301	6295.904
2.10698	6295.904
2.11588	6295.904
2.11983	6295.904
2.12326	6295.904
2.12684	6295.904
2.12987	6295.904
2.13397	6295.904
2.13691	6295.904
2.14018	6295.904
2.14318	6295.904
2.14627	6295.904
2.15046	6295.904
2.15365	6295.904
2.15793	6295.904
2.1609	6295.904
2.16392	6295.904
2.16823	6295.904
2.17245	6295.904
2.17707	6295.904
2.18114	6295.904
2.18456	6295.904
2.18834	6295.904
2.19201	6295.904
2.19604	6295.904
2.19942	6295.904
2.20512	6295.904
2.20953	6295.904
2.21319	6295.904
2.21757	6295.904
2.22144	6295.904
2.22683	6295.904
2.23001	6295.904
2.23336	6295.904
2.23686	6295.904
2.24124	6295.904
2.2447	6295.904
2.24802	6295.904
2.25226	6295.904
2.25637	6295.904
2.25993	6295.904
2.26308	6295.904
2.26877	6295.904
2.27433	6295.904
2.27783	6295.904
2.2821	6295.904
2.2856	6295.904
2.28889	6295.904
2.29217	6295.904
2.29601	6295.904
2.29985	6295.904
2.30359	6295.904
2.30681	6295.904
2.3136	6295.904
2.31737	6295.904
2.32082	6295.904
2.32404	6295.904
2.32834	6295.904
2.33705	6295.904
2.34534	6295.904
2.35006	6295.904
2.35514	6295.904
2.35922	6295.904
2.36408	6295.904
2.36783	6295.904
2.37218	6295.904
2.37658	6295.904
2.38018	6295.904
2.3845	6295.904
2.38802	6295.904
2.39226	6295.904
2.39645	6295.904
2.40062	6295.904
2.40425	6295.904
2.40779	6295.904
2.41099	6295.904
2.41524	6295.904
2.4223	6295.904
2.42766	6295.904
2.43171	6295.904
2.43581	6295.904
2.44303	6295.904
2.44784	6295.904
2.45128	6295.904
2.45796	6295.904
2.46127	6295.904
2.46457	6295.904
2.46892	6295.904
2.47268	6295.904
2.47601	6295.904
2.48021	6295.904
2.48395	6295.904
2.48844	6295.904
2.49223	6295.904
2.49687	6295.904
2.50059	6295.904
2.50495	6295.904
2.50871	6295.904
2.51205	6295.904
2.51547	6295.904
2.51957	6295.904
2.52363	6295.904
2.52677	6295.904
2.53123	6295.904
2.53416	6295.904
2.53845	6295.904
2.54523	6295.904
2.54903	6295.904
2.5554	6295.904
2.56508	6295.904
2.56843	6295.904
2.57173	6295.904
2.57561	6295.904
2.57933	6295.904
2.58392	6295.904
2.58826	6295.904
2.59238	6295.904
2.59597	6295.904
2.60053	6295.904
2.60395	6295.904
2.60715	6295.904
2.6106	6295.904
2.61471	6295.904
2.61901	6295.904
2.6222	6295.904
2.62619	6295.904
2.6293	6295.904
2.63523	6295.904
2.63965	6295.904
2.64295	6295.904
2.64752	6295.904
2.65215	6295.904
2.65584	6295.904
2.65934	6295.904
2.66466	6295.904
2.67067	6295.904
2.67423	6295.904
2.67742	6295.904
2.68148	6295.904
2.68481	6295.904
2.68838	6295.904
2.6962	6295.904
2.6999	6295.904
2.70388	6295.904
2.70745	6295.904
2.71199	6295.904
2.71542	6295.904
2.71884	6295.904
2.72434	6295.904
2.72865	6295.904
2.73891	6295.904
2.74344	6295.904
2.74665	6295.904
2.74989	6295.904
2.75313	6295.904
2.75679	6295.904
2.76005	6295.904
2.76386	6295.904
2.76704	6295.904
2.77146	6295.904
2.78015	6295.904
2.79045	6295.904
2.79544	6295.904
2.79957	6295.904
2.80458	6295.904
2.80985	6295.904
2.81432	6295.904
2.81853	6295.904
2.82225	6295.904
2.82669	6295.904
2.83123	6295.904
2.8355	6295.904
2.84001	6295.904
2.84422	6295.904
2.84819	6295.904
2.85507	6295.904
2.8599	6295.904
2.86461	6295.904
2.87088	6295.904
2.87718	6295.904
2.88316	6295.904
2.89046	6295.904
2.89879	6295.904
2.90434	6295.904
2.91159	6295.904
2.9156	6295.904
2.92059	6295.904
2.92792	6295.904
2.93336	6295.904
2.93817	6295.904
2.94179	6295.904
2.94677	6295.904
2.95132	6295.904
2.95532	6295.904
2.96006	6295.904
2.96844	6295.904
2.97329	6295.904
2.97825	6295.904
2.98353	6295.904
2.98846	6295.904
2.99443	6295.904
3.00309	6295.904
3.01152	6295.904
3.01602	6295.904
3.02013	6295.904
3.024	6295.904
3.02757	6295.904
3.03091	6295.904
3.03527	6295.904
3.04032	6295.904
3.04409	6295.904
3.04845	6295.904
3.05278	6295.904
3.05738	6295.904
3.06313	6295.904
3.0677	6295.904
3.07152	6295.904
3.07715	6295.904
3.08135	6295.904
3.08534	6295.904
3.08928	6295.904
3.0941	6295.904
3.09836	6295.904
3.10303	6295.904
3.10931	6295.904
3.11877	6295.904
3.12443	6295.904
3.12891	6295.904
3.13311	6295.904
3.13854	6295.904
3.14325	6295.904
3.14821	6295.904
3.15452	6295.904
3.15938	6295.904
3.16551	6295.904
3.17118	6295.904
3.17593	6295.904
3.18025	6295.904
3.18396	6295.904
3.18846	6295.904
3.19331	6295.904
3.19745	6295.904
3.20252	6295.904
3.20912	6295.904
3.215	6295.904
3.22028	6295.904
3.2268	6295.904
3.23253	6295.904
3.23929	6295.904
3.24352	6295.904
3.24748	6295.904
3.25203	6295.904
3.25641	6295.904
3.26122	6295.904
3.26534	6295.904
3.27065	6295.904
3.27563	6295.904
3.28081	6295.904
3.28622	6295.904
3.29106	6295.904
3.29468	6295.904
3.29895	6295.904
3.30376	6295.904
3.30833	6295.904
3.31298	6295.904
3.31738	6295.904
3.32208	6295.904
3.32746	6295.904
3.33141	6295.904
3.33836	6295.904
3.34383	6295.904
3.34791	6295.904
3.35267	6295.904
3.3572	6295.904
3.36294	6295.904
3.36695	6295.904
3.37392	6295.904
3.37868	6295.904
3.38334	6295.904
3.38789	6295.904
3.39227	6295.904
3.39627	6295.904
3.40287	6295.904
3.40753	6295.904
3.41216	6295.904
3.41629	6295.904
3.42166	6295.904
3.42621	6295.904
3.43048	6295.904
3.43469	6295.904
3.43777	6295.904
3.44209	6295.904
3.448	6295.904
3.45287	6295.904
3.45734	6295.904
3.46208	6295.904
3.46718	6295.904
3.4713	6295.904
3.47542	6295.904
3.4794	6295.904
3.48319	6295.904
3.48876	6295.904
3.49277	6295.904
3.4988	6295.904
3.50694	6295.904
3.51216	6295.904
3.5166	6295.904
3.52254	6295.904
3.52651	6295.904
3.52976	6295.904
3.5339	6295.904
3.53886	6295.904
3.54468	6295.904
3.54912	6295.904
3.55263	6295.904
3.55683	6295.904
3.56128	6295.904
3.5713	6295.904
3.57654	6295.904
3.58081	6295.904
3.5848	6295.904
3.58911	6295.904
3.59288	6295.904
3.59664	6295.904
3.60021	6295.904
3.60371	6295.904
3.60724	6295.904
3.61175	6295.904
3.61566	6295.904
3.62055	6295.904
3.62459	6295.904
3.62946	6295.904
3.63354	6295.904
3.63651	6295.904
3.64296	6295.904
3.64794	6295.904
3.65119	6295.904
3.65634	6295.904
3.66301	6295.904
3.66951	6295.904
3.67502	6295.904
3.68204	6295.904
3.6863	6295.904
3.68997	6295.904
3.69397	6295.904
3.69785	6295.904
3.70163	6295.904
3.70539	6295.904
3.70915	6295.904
3.713	6295.904
3.71667	6295.904
3.72036	6295.904
3.72373	6295.904
3.72838	6295.904
3.73184	6295.904
3.73607	6295.904
3.74004	6295.904
3.74394	6295.904
3.74881	6295.904
3.75402	6295.904
3.75956	6295.904
3.76512	6295.904
3.76991	6295.904
3.77458	6295.904
3.77818	6295.904
3.78361	6295.904
3.7886	6295.904
3.79199	6295.904
3.79574	6295.904
3.80002	6295.904
3.80417	6295.904
3.80791	6295.904
3.81175	6295.904
3.8153	6295.904
3.81892	6295.904
3.82374	6295.904
3.8279	6295.904
3.83243	6295.904
3.83603	6295.904
3.83999	6295.904
3.84415	6295.904
3.84809	6295.904
3.85223	6295.904
3.85595	6295.904
3.86118	6295.904
3.86429	6295.904
3.8691	6295.904
3.87235	6295.904
3.87679	6295.904
3.88032	6295.904
3.88499	6295.904
3.89221	6295.904
3.89928	6295.904
3.90265	6295.904
3.90611	6295.904
3.91021	6295.904
3.915	6295.904
3.91949	6295.904
3.92351	6295.904
3.92782	6295.904
3.93254	6295.904
3.93732	6295.904
3.94113	6295.904
3.94489	6295.904
3.94873	6295.904
3.95311	6295.904
3.95729	6295.904
3.96082	6295.904
3.96402	6295.904
3.96815	6295.904
3.97195	6295.904
3.97905	6295.904
3.98358	6295.904
3.98845	6295.904
3.99288	6295.904
3.99811	6295.904
4.0027	6295.904
4.01001	6295.904
4.01562	6295.904
4.02085	6295.904
4.02426	6295.904
4.0285	6295.904
4.03216	6295.904
4.03557	6295.904
4.03929	6295.904
4.04261	6295.904
4.04725	6295.904
4.05069	6295.904
4.05446	6295.904
4.05791	6295.904
4.06231	6295.904
4.06589	6295.904
4.06984	6295.904
4.07359	6295.904
4.07822	6295.904
4.08203	6295.904
4.08689	6295.904
4.09146	6295.904
4.09636	6295.904
4.10012	6295.904
4.1053	6295.904
4.10884	6295.904
4.11518	6295.904
4.12041	6295.904
4.124	6295.904
4.12792	6295.904
4.13185	6295.904
4.13555	6295.904
4.13938	6295.904
4.14288	6295.904
4.14772	6295.904
4.15188	6295.904
4.15627	6295.904
4.15975	6295.904
4.16381	6295.904
4.16747	6295.904
4.1717	6295.904
4.17532	6295.904
4.17956	6295.904
4.183	6295.904
4.1871	6295.904
4.19159	6295.904
4.195	6295.904
4.19918	6295.904
4.20275	6295.904
4.20607	6295.904
4.21121	6295.904
4.218	6295.904
4.22309	6295.904
4.22887	6295.904
4.23244	6295.904
4.23595	6295.904
4.23963	6295.904
4.24362	6295.904
4.24703	6295.904
4.25106	6295.904
4.25518	6295.904
4.25928	6295.904
4.26359	6295.904
4.26959	6295.904
4.27397	6295.904
4.27827	6295.904
4.28233	6295.904
4.28589	6295.904
4.28989	6295.904
4.2931	6295.904
4.29663	6295.904
4.30146	6295.904
4.30551	6295.904
4.30968	6295.904
4.31334	6295.904
4.31698	6295.904
4.32065	6295.904
4.32795	6295.904
4.33342	6295.904
4.33886	6295.904
4.34646	6295.904
4.3509	6295.904
4.35505	6295.904
4.36082	6295.904
4.36535	6295.904
4.3698	6295.904
4.37396	6295.904
4.37941	6295.904
4.38493	6295.904
4.38911	6295.904
4.39365	6295.904
4.39732	6295.904
4.4019	6295.904
4.40534	6295.904
4.4091	6295.904
4.41287	6295.904
4.41711	6295.904
4.42107	6295.904
4.42596	6295.904
4.43173	6295.904
4.43659	6295.904
4.442	6295.904
4.44764	6295.904
4.45182	6295.904
4.45885	6295.904
4.46446	6295.904
4.46948	6295.904
4.47416	6295.904
4.47784	6295.904
4.48183	6295.904
4.48545	6295.904
4.48937	6295.904
4.49275	6295.904
4.49615	6295.904
4.49937	6295.904
4.50377	6295.904
4.5092	6295.904
4.51322	6295.904
4.51655	6295.904
4.52073	6295.904
4.52645	6295.904
4.53134	6295.904
4.5368	6295.904
4.5405	6295.904
4.54774	6295.904
4.55253	6295.904
4.55958	6295.904
4.56694	6295.904
4.57251	6295.904
4.57724	6295.904
4.58161	6295.904
4.58684	6295.904
4.59305	6295.904
4.59753	6295.904
4.60248	6295.904
4.60727	6295.904
4.61119	6295.904
4.6159	6295.904
4.62001	6295.904
4.62435	6295.904
4.63182	6295.904
4.63734	6295.904
4.64283	6295.904
4.64743	6295.904
4.65202	6295.904
4.6572	6295.904
4.66315	6295.904
4.67197	6295.904
4.67961	6295.904
4.68469	6295.904
4.6898	6295.904
4.6947	6295.904
4.70048	6295.904
4.70757	6295.904
4.71265	6295.904
4.71693	6295.904
4.72043	6295.904
4.72382	6295.904
4.72775	6295.904
4.73183	6295.904
4.73581	6295.904
4.73922	6295.904
4.74332	6295.904
4.74679	6295.904
4.75118	6295.904
4.75547	6295.904
4.7597	6295.904
4.76333	6295.904
4.76936	6295.904
4.77372	6295.904
4.77799	6295.904
4.7838	6295.904
4.78738	6295.904
4.79173	6295.904
4.79526	6295.904
4.79976	6295.904
4.80389	6295.904
4.80987	6295.904
4.81592	6295.904
4.8194	6295.904
4.82355	6295.904
4.82765	6295.904
4.83252	6295.904
4.83852	6295.904
4.84235	6295.904
4.84677	6295.904
4.85132	6295.904
4.85496	6295.904
4.86075	6295.904
4.86551	6295.904
4.8701	6295.904
4.87393	6295.904
4.8783	6295.904
4.88181	6295.904
4.88648	6295.904
4.89441	6295.904
4.90229	6295.904
4.90733	6295.904
4.9114	6295.904
4.91603	6295.904
4.92034	6295.904
4.92452	6295.904
4.92839	6295.904
4.93248	6295.904
4.93574	6295.904
4.94031	6295.904
4.94466	6295.904
4.9506	6295.904
4.95689	6295.904
4.96036	6295.904
4.96464	6295.904
4.9687	6295.904
4.97571	6295.904
4.98208	6295.904
4.98811	6295.904
4.9934	6295.904
4.99848	6295.904
5.00434	6295.904
5.00834	6295.904
5.01278	6295.904
5.01895	6295.904
5.02324	6295.904
5.02677	6295.904
5.03088	6295.904
5.03431	6295.904
5.03749	6295.904
5.04137	6295.904
5.04506	6295.904
5.04977	6295.904
5.05493	6295.904
5.05936	6295.904
5.06444	6295.904
5.06832	6295.904
5.07196	6295.904
5.07588	6295.904
5.08025	6295.904
5.08549	6295.904
5.09232	6295.904
5.09631	6295.904
5.10085	6295.904
5.10468	6295.904
5.10925	6295.904
5.11337	6295.904
5.12477	6295.904
5.13055	6295.904
5.13779	6295.904
5.14309	6295.904
5.1468	6295.904
5.14989	6295.904
5.15395	6295.904
5.15788	6295.904
5.16185	6295.904
5.16498	6295.904
5.16842	6295.904
5.17247	6295.904
5.17857	6295.904
5.18202	6295.904
5.18667	6295.904
5.19005	6295.904
5.1949	6295.904
5.19812	6295.904
5.20192	6295.904
5.20558	6295.904
5.20979	6295.904
5.21324	6295.904
5.21723	6295.904
5.22214	6295.904
5.22833	6295.904
5.23327	6295.904
5.23753	6295.904
5.24261	6295.904
5.24608	6295.904
5.25012	6295.904
5.25329	6295.904
5.25694	6295.904
5.26013	6295.904
5.26433	6295.904
5.26793	6295.904
5.27256	6295.904
5.27704	6295.904
5.2807	6295.904
5.28404	6295.904
5.28827	6295.904
5.29182	6295.904
5.29602	6295.904
5.29931	6295.904
5.30328	6295.904
5.30733	6295.904
5.3116	6295.904
5.31593	6295.904
5.3205	6295.904
5.3242	6295.904
5.32862	6295.904
5.33306	6295.904
5.33671	6295.904
5.34072	6295.904
5.34716	6295.904
5.35131	6295.904
5.35511	6295.904
5.35886	6295.904
5.36253	6295.904
5.36574	6295.904
5.37176	6295.904
5.37776	6295.904
5.38165	6295.904
5.38634	6295.904
5.39006	6295.904
5.394	6295.904
5.39757	6295.904
5.40142	6295.904
5.40522	6295.904
5.40873	6295.904
5.41246	6295.904
5.4166	6295.904
5.42133	6295.904
5.42542	6295.904
5.42908	6295.904
5.43274	6295.904
5.43679	6295.904
5.44085	6295.904
5.44431	6295.904
5.45271	6295.904
5.45961	6295.904
5.46313	6295.904
5.46778	6295.904
5.47107	6295.904
5.47443	6295.904
5.47736	6295.904
5.4805	6295.904
5.4835	6295.904
5.48686	6295.904
5.48986	6295.904
5.49326	6295.904
5.49646	6295.904
5.49942	6295.904
5.50303	6295.904
5.50631	6295.904
5.50985	6295.904
5.51386	6295.904
5.51681	6295.904
5.51984	6295.904
5.52375	6295.904
5.52735	6295.904
5.5311	6295.904
5.53445	6295.904
5.53762	6295.904
5.5433	6295.904
5.54929	6295.904
5.55518	6295.904
5.55894	6295.904
5.56312	6295.904
5.57281	6295.904
5.57645	6295.904
5.58056	6295.904
5.58416	6295.904
5.58732	6295.904
5.59073	6295.904
5.5938	6295.904
5.59721	6295.904
5.60046	6295.904
5.60373	6295.904
5.60737	6295.904
5.61136	6295.904
5.61512	6295.904
5.61873	6295.904
5.62162	6295.904
5.62597	6295.904
5.6288	6295.904
5.6319	6295.904
5.63489	6295.904
5.63915	6295.904
5.64266	6295.904
5.64565	6295.904
5.64991	6295.904
5.65288	6295.904
5.65628	6295.904
5.65915	6295.904
5.66207	6295.904
5.66596	6295.904
5.66944	6295.904
5.67389	6295.904
5.67894	6295.904
5.68419	6295.904
5.6878	6295.904
5.69103	6295.904
5.69404	6295.904
5.69718	6295.904
5.70044	6295.904
5.70333	6295.904
5.70724	6295.904
5.71119	6295.904
5.71461	6295.904
5.71774	6295.904
5.72209	6295.904
5.72498	6295.904
5.72864	6295.904
5.73225	6295.904
5.73517	6295.904
5.7382	6295.904
5.74212	6295.904
5.74553	6295.904
5.74934	6295.904
5.75282	6295.904
5.75585	6295.904
5.75972	6295.904
5.76321	6295.904
5.76704	6295.904
5.77075	6295.904
5.77373	6295.904
5.77803	6295.904
5.7855	6295.904
5.79025	6295.904
5.794	6295.904
5.79693	6295.904
5.79994	6295.904
5.80288	6295.904
5.8058	6295.904
5.80891	6295.904
5.81172	6295.904
5.81492	6295.904
5.81824	6295.904
5.82128	6295.904
5.82462	6295.904
5.82787	6295.904
5.83138	6295.904
5.83999	6295.904
5.84653	6295.904
5.85242	6295.904
5.85614	6295.904
5.85938	6295.904
5.86377	6295.904
5.86725	6295.904
5.87025	6295.904
5.8785	6295.904
5.88255	6295.904
5.8888	6295.904
5.89224	6295.904
5.8971	6295.904
5.9007	6295.904
5.90499	6295.904
5.90806	6295.904
5.91097	6295.904
5.91389	6295.904
5.91747	6295.904
5.92031	6295.904
5.92339	6295.904
5.92767	6295.904
5.93151	6295.904
5.93462	6295.904
5.93762	6295.904
5.94125	6295.904
5.94439	6295.904
5.94815	6295.904
5.95119	6295.904
5.95401	6295.904
5.958	6295.904
5.96089	6295.904
5.96393	6295.904
5.96805	6295.904
5.97099	6295.904
5.978	6295.904
5.98447	6295.904
5.9898	6295.904
5.99384	6295.904
5.99782	6295.904
6.00068	6295.904
6.00724	6295.904
6.01203	6295.904
6.01593	6295.904
6.01936	6295.904
6.0231	6295.904
6.02821	6295.904
6.03344	6295.904
6.03727	6295.904
6.04036	6295.904
6.0445	6295.904
6.04871	6295.904
6.0518	6295.904
6.05621	6295.904
6.05939	6295.904
6.06406	6295.904
6.06797	6295.904
6.0721	6295.904
6.07506	6295.904
6.07804	6295.904
6.08137	6295.904
6.0845	6295.904
6.08802	6295.904
6.09274	6295.904
6.09734	6295.904
6.10206	6295.904
6.10523	6295.904
6.10868	6295.904
6.11205	6295.904
6.1189	6295.904
6.1264	6295.904
6.13077	6295.904
6.1355	6295.904
6.13951	6295.904
6.14304	6295.904
6.14611	6295.904
6.14947	6295.904
6.15265	6295.904
6.15576	6295.904
6.15886	6295.904
6.16187	6295.904
6.16491	6295.904
6.16773	6295.904
6.17095	6295.904
6.17417	6295.904
6.17754	6295.904
6.18063	6295.904
6.1838	6295.904
6.18681	6295.904
6.18983	6295.904
6.19267	6295.904
6.19556	6295.904
6.19857	6295.904
6.20174	6295.904
6.20474	6295.904
6.20802	6295.904
6.21126	6295.904
6.21435	6295.904
6.21746	6295.904
6.22053	6295.904
6.22425	6295.904
6.22977	6295.904
6.23624	6295.904
6.23943	6295.904
6.2438	6295.904
6.24786	6295.904
6.25136	6295.904
6.25596	6295.904
6.25974	6295.904
6.2636	6295.904
6.26767	6295.904
6.27179	6295.904
6.27634	6295.904
6.28017	6295.904
6.28422	6295.904
6.28796	6295.904
6.29457	6295.904
6.29903	6295.904
6.30326	6295.904
6.30757	6295.904
6.31071	6295.904
6.31408	6295.904
6.31748	6295.904
6.32134	6295.904
6.3255	6295.904
6.32911	6295.904
6.33385	6295.904
6.33796	6295.904
6.34294	6295.904
6.35005	6295.904
6.35408	6295.904
6.35807	6295.904
6.36182	6295.904
6.36609	6295.904
6.3698	6295.904
6.37465	6295.904
6.37982	6295.904
6.38509	6295.904
6.39143	6295.904
6.3963	6295.904
6.40094	6295.904
6.40466	6295.904
6.40843	6295.904
6.41211	6295.904
6.4162	6295.904
6.42219	6295.904
6.42655	6295.904
6.43072	6295.904
6.43454	6295.904
6.43852	6295.904
6.4444	6295.904
6.4487	6295.904
6.45414	6295.904
6.45859	6295.904
6.46623	6295.904
6.46982	6295.904
6.47341	6295.904
6.47727	6295.904
6.48138	6295.904
6.48529	6295.904
6.48866	6295.904
6.49191	6295.904
6.49605	6295.904
6.50013	6295.904
6.50475	6295.904
6.50992	6295.904
6.51381	6295.904
6.51765	6295.904
6.52405	6295.904
6.52858	6295.904
6.53286	6295.904
6.53766	6295.904
6.54451	6295.904
6.54935	6295.904
6.55533	6295.904
6.56291	6295.904
6.57058	6295.904
6.57479	6295.904
6.57887	6295.904
6.58308	6295.904
6.58654	6295.904
6.59001	6295.904
6.59387	6295.904
6.59778	6295.904
6.60203	6295.904
6.60701	6295.904
6.61094	6295.904
6.61797	6295.904
6.62298	6295.904
6.62704	6295.904
6.63098	6295.904
6.63538	6295.904
6.64162	6295.904
6.64573	6295.904
6.64978	6295.904
6.65366	6295.904
6.65908	6295.904
6.66663	6295.904
6.67149	6295.904
6.68047	6295.904
6.68647	6295.904
6.69163	6295.904
6.69633	6295.904
6.70097	6295.904
6.7046	6295.904
6.70864	6295.904
6.71383	6295.904
6.7191	6295.904
6.72279	6295.904
6.72682	6295.904
6.73095	6295.904
6.73513	6295.904
6.73943	6295.904
6.74415	6295.904
6.74843	6295.904
6.755	6295.904
6.76176	6295.904
6.76844	6295.904
6.77551	6295.904
6.78218	6295.904
6.78979	6295.904
6.79411	6295.904
6.79895	6295.904
6.80271	6295.904
6.80651	6295.904
6.81002	6295.904
6.81408	6295.904
6.81796	6295.904
6.82179	6295.904
6.82548	6295.904
6.82859	6295.904
6.83274	6295.904
6.83658	6295.904
6.84147	6295.904
6.84562	6295.904
6.84988	6295.904
6.85535	6295.904
6.85998	6295.904
6.86357	6295.904
6.86757	6295.904
6.87153	6295.904
6.87623	6295.904
6.87984	6295.904
6.88458	6295.904
6.88868	6295.904
6.89227	6295.904
6.89536	6295.904
6.90111	6295.904
6.90541	6295.904
6.90871	6295.904
6.91456	6295.904
6.9188	6295.904
6.92236	6295.904
6.92682	6295.904
6.93136	6295.904
6.93665	6295.904
6.94206	6295.904
6.94578	6295.904
6.94952	6295.904
6.95298	6295.904
6.95655	6295.904
6.96068	6295.904
6.96679	6295.904
6.97193	6295.904
6.97551	6295.904
6.97871	6295.904
6.98682	6295.904
6.99395	6295.904
6.99872	6295.904
7.00475	6295.904
7.0109	6295.904
7.01821	6295.904
7.02309	6295.904
7.02757	6295.904
7.03183	6295.904
7.03537	6295.904
7.03983	6295.904
7.04436	6295.904
7.04817	6295.904
7.0528	6295.904
7.05852	6295.904
7.0626	6295.904
7.06727	6295.904
7.07098	6295.904
7.0755	6295.904
7.08032	6295.904
7.08607	6295.904
7.09065	6295.904
7.09676	6295.904
7.10083	6295.904
7.1043	6295.904
7.10853	6295.904
7.11221	6295.904
7.11672	6295.904
7.12168	6295.904
7.13099	6295.904
7.13524	6295.904
7.14052	6295.904
7.14472	6295.904
7.14862	6295.904
7.15268	6295.904
7.15929	6295.904
7.16384	6295.904
7.16857	6295.904
7.17257	6295.904
7.17701	6295.904
7.18085	6295.904
7.18471	6295.904
7.18876	6295.904
7.19482	6295.904
7.19889	6295.904
7.20335	6295.904
7.20737	6295.904
7.21093	6295.904
7.21577	6295.904
7.21978	6295.904
7.22341	6295.904
7.2278	6295.904
7.23196	6295.904
7.23891	6295.904
7.24288	6295.904
7.24703	6295.904
7.25122	6295.904
7.25634	6295.904
7.26089	6295.904
7.26521	6295.904
7.26913	6295.904
7.27381	6295.904
7.27808	6295.904
7.28148	6295.904
7.28568	6295.904
7.29021	6295.904
7.2953	6295.904
7.30078	6295.904
7.30483	6295.904
7.30891	6295.904
7.31259	6295.904
7.31587	6295.904
7.32339	6295.904
7.32719	6295.904
7.33132	6295.904
7.33517	6295.904
7.33867	6295.904
7.34271	6295.904
7.35101	6295.904
7.3552	6295.904
7.35938	6295.904
7.36427	6295.904
7.36879	6295.904
7.37233	6295.904
7.37708	6295.904
7.38117	6295.904
7.38497	6295.904
7.39283	6295.904
7.39982	6295.904
7.4047	6295.904
7.40883	6295.904
7.41304	6295.904
7.41664	6295.904
7.42289	6295.904
7.42747	6295.904
7.43234	6295.904
7.43654	6295.904
7.44207	6295.904
7.44667	6295.904
7.45103	6295.904
7.45858	6295.904
7.46352	6295.904
7.46743	6295.904
7.47131	6295.904
7.47506	6295.904
7.47908	6295.904
7.48267	6295.904
7.48619	6295.904
7.4917	6295.904
7.49698	6295.904
7.50305	6295.904
7.50769	6295.904
7.51231	6295.904
7.51615	6295.904
7.52059	6295.904
7.5249	6295.904
7.53245	6295.904
7.53731	6295.904
7.54178	6295.904
7.54589	6295.904
7.54992	6295.904
7.55414	6295.904
7.55895	6295.904
7.56335	6295.904
7.56873	6295.904
7.5758	6295.904
7.58558	6295.904
7.5913	6295.904
7.59522	6295.904
7.59982	6295.904
7.60393	6295.904
7.60719	6295.904
7.61043	6295.904
7.61479	6295.904
7.61772	6295.904
7.62108	6295.904
7.62402	6295.904
7.62782	6295.904
7.63099	6295.904
7.63384	6295.904
7.6379	6295.904
7.6411	6295.904
7.64477	6295.904
7.64852	6295.904
7.65434	6295.904
7.65744	6295.904
7.66085	6295.904
7.66732	6295.904
7.67685	6295.904
7.68179	6295.904
7.68675	6295.904
7.68972	6295.904
7.69285	6295.904
7.69731	6295.904
7.7018	6295.904
7.70725	6295.904
7.71044	6295.904
7.71645	6295.904
7.71982	6295.904
7.72373	6295.904
7.72809	6295.904
7.73161	6295.904
7.73531	6295.904
7.74258	6295.904
7.74809	6295.904
7.7525	6295.904
7.75606	6295.904
7.75983	6295.904
7.76466	6295.904
7.76815	6295.904
7.77195	6295.904
7.77622	6295.904
7.7808	6295.904
7.7846	6295.904
7.78903	6295.904
7.79919	6295.904
7.80283	6295.904
7.8062	6295.904
7.80975	6295.904
7.81296	6295.904
7.81664	6295.904
7.82221	6295.904
7.82795	6295.904
7.83187	6295.904
7.8365	6295.904
7.84057	6295.904
7.84381	6295.904
7.84769	6295.904
7.85312	6295.904
7.85802	6295.904
7.86202	6295.904
7.86638	6295.904
7.86954	6295.904
7.87324	6295.904
7.87688	6295.904
7.88351	6295.904
7.88716	6295.904
7.89557	6295.904
7.90387	6295.904
7.90995	6295.904
7.91336	6295.904
7.91743	6295.904
7.92082	6295.904
7.92412	6295.904
7.92754	6295.904
7.93081	6295.904
7.93408	6295.904
7.93693	6295.904
7.94058	6295.904
7.94392	6295.904
7.94867	6295.904
7.95247	6295.904
7.95569	6295.904
7.95981	6295.904
7.96468	6295.904
7.96883	6295.904
7.97237	6295.904
7.97643	6295.904
7.9808	6295.904
7.98691	6295.904
7.99082	6295.904
7.99415	6295.904
7.99709	6295.904
8.00066	6295.904
8.00434	6295.904
8.01177	6295.904
8.01568	6295.904
8.02037	6295.904
8.02361	6295.904
8.02736	6295.904
8.03021	6295.904
8.03348	6295.904
8.03658	6295.904
8.03978	6295.904
8.04308	6295.904
8.04653	6295.904
8.04949	6295.904
8.05279	6295.904
8.05575	6295.904
8.05891	6295.904
8.06301	6295.904
8.06595	6295.904
8.07002	6295.904
8.07327	6295.904
8.07687	6295.904
8.08339	6295.904
8.08955	6295.904
8.09358	6295.904
8.09885	6295.904
8.10233	6295.904
8.11097	6295.904
8.1187	6295.904
8.13116	6295.904
8.13703	6295.904
8.14123	6295.904
8.14511	6295.904
8.14884	6295.904
8.15254	6295.904
8.15625	6295.904
8.16049	6295.904
8.16472	6295.904
8.16848	6295.904
8.17254	6295.904
8.17619	6295.904
8.17998	6295.904
8.18426	6295.904
8.18903	6295.904
8.19319	6295.904
8.19692	6295.904
8.2036	6295.904
8.2101	6295.904
8.21412	6295.904
8.21934	6295.904
8.22369	6295.904
8.22792	6295.904
8.23341	6295.904
8.23742	6295.904
8.24285	6295.904
8.2471	6295.904
8.25094	6295.904
8.25418	6295.904
8.25771	6295.904
8.26124	6295.904
8.26509	6295.904
8.26859	6295.904
8.27164	6295.904
8.27532	6295.904
8.27957	6295.904
8.2839	6295.904
8.28718	6295.904
8.29198	6295.904
8.29537	6295.904
8.30006	6295.904
8.30436	6295.904
8.311	6295.904
8.31464	6295.904
8.31813	6295.904
8.32295	6295.904
8.32706	6295.904
8.33139	6295.904
8.3351	6295.904
8.34154	6295.904
8.34636	6295.904
8.35706	6295.904
8.36081	6295.904
8.36456	6295.904
8.36784	6295.904
8.37193	6295.904
8.37588	6295.904
8.37919	6295.904
8.3828	6295.904
8.38627	6295.904
8.38995	6295.904
8.39385	6295.904
8.39677	6295.904
8.40016	6295.904
8.40383	6295.904
8.40791	6295.904
8.41175	6295.904
8.41514	6295.904
8.41904	6295.904
8.42326	6295.904
8.42714	6295.904
8.43183	6295.904
8.43583	6295.904
8.43928	6295.904
8.44338	6295.904
8.44781	6295.904
8.4555	6295.904
8.46288	6295.904
8.4674	6295.904
8.47172	6295.904
8.47483	6295.904
8.4782	6295.904
8.48173	6295.904
8.4855	6295.904
8.48838	6295.904
8.49158	6295.904
8.49576	6295.904
8.49964	6295.904
8.5027	6295.904
8.50574	6295.904
8.51001	6295.904
8.51285	6295.904
8.51673	6295.904
8.52076	6295.904
8.52392	6295.904
8.52814	6295.904
8.53133	6295.904
8.53823	6295.904
8.54377	6295.904
8.5478	6295.904
8.55122	6295.904
8.55631	6295.904
8.56056	6295.904
8.56405	6295.904
8.57508	6295.904
8.57854	6295.904
8.58211	6295.904
8.58572	6295.904
8.58983	6295.904
8.59309	6295.904
8.5965	6295.904
8.59964	6295.904
8.60355	6295.904
8.60721	6295.904
8.61153	6295.904
8.61505	6295.904
8.61981	6295.904
8.62357	6295.904
8.6268	6295.904
8.63071	6295.904
8.63361	6295.904
8.63787	6295.904
8.64071	6295.904
8.64374	6295.904
8.6479	6295.904
8.65188	6295.904
8.65521	6295.904
8.65803	6295.904
8.66202	6295.904
8.66545	6295.904
8.66901	6295.904
8.67542	6295.904
8.68037	6295.904
8.68377	6295.904
8.68817	6295.904
8.69117	6295.904
8.69402	6295.904
8.69711	6295.904
8.70008	6295.904
8.70296	6295.904
8.70664	6295.904
8.71046	6295.904
8.71345	6295.904
8.7171	6295.904
8.72095	6295.904
8.72538	6295.904
8.72976	6295.904
8.73407	6295.904
8.73739	6295.904
8.74146	6295.904
8.7454	6295.904
8.74849	6295.904
8.75266	6295.904
8.75616	6295.904
8.7599	6295.904
8.76511	6295.904
8.77139	6295.904
8.77686	6295.904
8.78056	6295.904
8.78463	6295.904
8.79162	6295.904
8.80025	6295.904
8.80414	6295.904
8.80737	6295.904
8.8105	6295.904
8.81372	6295.904
8.81661	6295.904
8.81967	6295.904
8.82313	6295.904
8.82659	6295.904
8.83177	6295.904
8.83597	6295.904
8.83967	6295.904
8.8438	6295.904
8.84792	6295.904
8.85131	6295.904
8.85427	6295.904
8.85838	6295.904
8.86127	6295.904
8.86472	6295.904
8.86772	6295.904
8.87083	6295.904
8.87548	6295.904
8.87982	6295.904
8.88337	6295.904
8.88648	6295.904
8.89137	6295.904
8.8974	6295.904
8.90225	6295.904
8.90992	6295.904
8.91302	6295.904
8.91655	6295.904
8.91993	6295.904
8.92353	6295.904
8.9268	6295.904
8.92998	6295.904
8.93339	6295.904
8.93946	6295.904
8.94354	6295.904
8.94779	6295.904
8.95165	6295.904
8.95612	6295.904
8.96005	6295.904
8.96377	6295.904
8.96723	6295.904
8.97122	6295.904
8.97433	6295.904
8.97797	6295.904
8.98186	6295.904
8.98582	6295.904
8.98983	6295.904
8.99329	6295.904
8.99711	6295.904
9.00084	6295.904
9.00461	6295.904
9.00815	6295.904
9.01551	6295.904
9.01917	6295.904
9.02271	6295.904
9.02597	6295.904
9.02928	6295.904
9.03275	6295.904
9.0366	6295.904
9.04151	6295.904
9.04724	6295.904
9.05207	6295.904
9.05586	6295.904
9.05984	6295.904
9.06457	6295.904
9.06827	6295.904
9.07232	6295.904
9.07546	6295.904
9.07896	6295.904
9.08219	6295.904
9.0851	6295.904
9.08846	6295.904
9.09137	6295.904
9.0956	6295.904
9.09945	6295.904
9.1037	6295.904
9.10693	6295.904
9.11276	6295.904
9.11598	6295.904
9.12024	6295.904
9.12672	6295.904
9.13458	6295.904
9.13798	6295.904
9.14177	6295.904
9.14484	6295.904
9.14829	6295.904
9.1515	6295.904
9.15454	6295.904
9.16479	6295.904
9.17256	6295.904
9.17945	6295.904
9.1841	6295.904
9.18891	6295.904
9.19211	6295.904
9.19688	6295.904
9.20036	6295.904
9.20437	6295.904
9.20817	6295.904
9.21234	6295.904
9.21625	6295.904
9.22049	6295.904
9.22411	6295.904
9.22812	6295.904
9.23192	6295.904
9.24024	6295.904
9.24389	6295.904
9.24785	6295.904
9.25468	6295.904
9.26085	6295.904
9.26519	6295.904
9.26982	6295.904
9.27403	6295.904
9.27724	6295.904
9.28083	6295.904
9.28427	6295.904
9.28923	6295.904
9.29559	6295.904
9.3006	6295.904
9.30482	6295.904
9.30864	6295.904
9.31534	6295.904
9.31999	6295.904
9.32286	6295.904
9.32709	6295.904
9.33005	6295.904
9.33486	6295.904
9.33803	6295.904
9.34274	6295.904
9.34782	6295.904
9.35667	6295.904
9.36028	6295.904
9.36367	6295.904
9.36825	6295.904
9.37327	6295.904
9.37911	6295.904
9.38239	6295.904
9.38547	6295.904
9.38958	6295.904
9.39326	6295.904
9.39641	6295.904
9.39959	6295.904
9.40342	6295.904
9.4068	6295.904
9.40974	6295.904
9.41355	6295.904
9.41756	6295.904
9.42052	6295.904
9.42368	6295.904
9.42799	6295.904
9.43173	6295.904
9.43476	6295.904
9.4416	6295.904
9.44871	6295.904
9.45402	6295.904
9.46165	6295.904
9.46839	6295.904
9.4721	6295.904
9.47522	6295.904
9.47895	6295.904
9.48189	6295.904
9.48526	6295.904
9.48819	6295.904
9.49124	6295.904
9.49521	6295.904
9.49846	6295.904
9.50261	6295.904
9.50555	6295.904
9.50894	6295.904
9.51186	6295.904
9.51581	6295.904
9.51905	6295.904
9.52226	6295.904
9.52631	6295.904
9.52909	6295.904
9.53294	6295.904
9.53731	6295.904
9.54211	6295.904
9.54623	6295.904
9.54903	6295.904
9.55262	6295.904
9.55648	6295.904
9.5599	6295.904
9.56447	6295.904
9.57175	6295.904
9.57964	6295.904
9.58293	6295.904
9.58656	6295.904
9.58937	6295.904
9.5931	6295.904
9.59649	6295.904
9.60049	6295.904
9.60727	6295.904
9.61214	6295.904
9.61575	6295.904
9.62006	6295.904
9.6238	6295.904
9.62682	6295.904
9.63012	6295.904
9.63535	6295.904
9.63862	6295.904
9.64148	6295.904
9.64533	6295.904
9.64867	6295.904
9.6525	6295.904
9.65635	6295.904
9.66013	6295.904
9.66597	6295.904
9.67238	6295.904
9.67684	6295.904
9.68531	6295.904
9.6896	6295.904
9.69693	6295.904
9.70362	6295.904
9.70815	6295.904
9.71209	6295.904
9.71598	6295.904
9.72072	6295.904
9.72395	6295.904
9.72724	6295.904
9.73113	6295.904
9.73663	6295.904
9.74184	6295.904
9.74527	6295.904
9.749	6295.904
9.75325	6295.904
9.75672	6295.904
9.75985	6295.904
9.76574	6295.904
9.76998	6295.904
9.77312	6295.904
9.77651	6295.904
9.78033	6295.904
9.7845	6295.904
9.78836	6295.904
9.79311	6295.904
9.8056	6295.904
9.80985	6295.904
9.8135	6295.904
9.81652	6295.904
9.81939	6295.904
9.82333	6295.904
9.8273	6295.904
9.83048	6295.904
9.83331	6295.904
9.83664	6295.904
9.84046	6295.904
9.84375	6295.904
9.84676	6295.904
9.85167	6295.904
9.85513	6295.904
9.85804	6295.904
9.86136	6295.904
9.86525	6295.904
9.86852	6295.904
9.87218	6295.904
9.87548	6295.904
9.8803	6295.904
9.88441	6295.904
9.89066	6295.904
9.89608	6295.904
9.90187	6295.904
9.9051	6295.904
9.90926	6295.904
9.91255	6295.904
9.9161	6295.904
9.91934	6295.904
9.92245	6295.904
9.9254	6295.904
9.92862	6295.904
9.93183	6295.904
9.93532	6295.904
9.93848	6295.904
9.94186	6295.904
9.94558	6295.904
9.949	6295.904
9.95245	6295.904
9.95581	6295.904
9.95952	6295.904
9.96387	6295.904
9.96772	6295.904
9.97084	6295.904
9.97401	6295.904
9.97816	6295.904
9.98099	6295.904
9.98671	6295.904
9.98984	6295.904
9.99385	6295.904
