0	771.784
0.00414	771.784
0.00813	771.784
0.01143	771.784
0.01817	771.784
0.0215	771.784
0.02561	771.784
0.02883	771.784
0.03219	771.784
0.03543	771.784
0.03907	771.784
0.04234	771.784
0.04604	771.784
0.04922	771.784
0.05264	771.784
0.05634	771.784
0.06064	771.784
0.06423	771.784
0.06822	771.784
0.07171	771.784
0.07529	771.784
0.07921	771.784
0.08278	771.784
0.08678	771.784
0.09064	771.784
0.09377	771.784
0.09788	771.784
0.10141	771.784
0.10574	771.784
0.10911	771.784
0.11236	771.784
0.11587	771.784
0.11999	771.784
0.12357	771.784
0.1275	771.784
0.13154	771.784
0.13602	771.784
0.14001	771.784
0.14484	771.784
0.14876	771.784
0.15217	771.784
0.15635	771.784
0.15991	771.784
0.16293	771.784
0.16693	771.784
0.17061	771.784
0.174	771.784
0.17806	771.784
0.18184	771.784
0.18588	771.784
0.18965	771.784
0.19414	771.784
0.1974	771.784
0.20151	771.784
0.20473	771.784
0.20822	771.784
0.21184	771.784
0.2162	771.784
0.21991	771.784
0.22406	771.784
0.2286	771.784
0.23235	771.784
0.23662	771.784
0.24004	771.784
0.24371	771.784
0.24778	771.784
0.25164	771.784
0.25677	771.784
0.26124	771.784
0.26497	771.784
0.2685	771.784
0.2751	771.784
0.28016	771.784
0.28408	771.784
0.28809	771.784
0.29236	771.784
0.29615	771.784
0.30002	771.784
0.30464	771.784
0.30877	771.784
0.31283	771.784
0.31643	771.784
0.32075	771.784
0.32475	771.784
0.32885	771.784
0.33274	771.784
0.33642	771.784
0.34051	771.784
0.34445	771.784
0.34837	771.784
0.35302	771.784
0.35712	771.784
0.36208	771.784
0.36756	771.784
0.37198	771.784
0.37587	771.784
0.38022	771.784
0.38426	771.784
0.38868	771.784
0.3927	771.784
0.39708	771.784
0.40504	771.784
0.40897	771.784
0.41384	771.784
0.41998	771.784
0.42498	771.784
0.42877	771.784
0.43226	771.784
0.43746	771.784
0.44185	771.784
0.44702	771.784
0.45116	771.784
0.45545	771.784
0.45973	771.784
0.46322	771.784
0.4667	771.784
0.47022	771.784
0.47475	771.784
0.47876	771.784
0.48305	771.784
0.48807	771.784
0.49187	771.784
0.49598	771.784
0.49943	771.784
0.50362	771.784
0.50693	771.784
0.51187	771.784
0.51544	771.784
0.5197	771.784
0.52284	771.784
0.52668	771.784
0.5307	771.784
0.53431	771.784
0.5379	771.784
0.54263	771.784
0.54615	771.784
0.5496	771.784
0.55299	771.784
0.55626	771.784
0.55934	771.784
0.56354	771.784
0.5668	771.784
0.57182	771.784
0.57593	771.784
0.57935	771.784
0.58352	771.784
0.58893	771.784
0.59603	771.784
0.60165	771.784
0.60547	771.784
0.6092	771.784
0.61301	771.784
0.61939	771.784
0.62283	771.784
0.62662	771.784
0.63132	771.784
0.63486	771.784
0.64014	771.784
0.64396	771.784
0.64747	771.784
0.65123	771.784
0.6559	771.784
0.66028	771.784
0.66456	771.784
0.67142	771.784
0.67537	771.784
0.67952	771.784
0.68428	771.784
0.68783	771.784
0.69108	771.784
0.69468	771.784
0.69804	771.784
0.7011	771.784
0.70446	771.784
0.70766	771.784
0.71116	771.784
0.71513	771.784
0.7184	771.784
0.7214	771.784
0.72522	771.784
0.72832	771.784
0.73207	771.784
0.73522	771.784
0.73915	771.784
0.74262	771.784
0.74579	771.784
0.74966	771.784
0.75295	771.784
0.75633	771.784
0.75989	771.784
0.76402	771.784
0.76728	771.784
0.77135	771.784
0.77469	771.784
0.77782	771.784
0.78203	771.784
0.78757	771.784
0.79086	771.784
0.79502	771.784
0.7984	771.784
0.80164	771.784
0.80556	771.784
0.80849	771.784
0.8139	771.784
0.81746	771.784
0.82123	771.784
0.82431	771.784
0.82793	771.784
0.83099	771.784
0.83591	771.784
0.83931	771.784
0.84317	771.784
0.84653	771.784
0.84961	771.784
0.8536	771.784
0.85674	771.784
0.86029	771.784
0.86623	771.784
0.86932	771.784
0.87309	771.784
0.87614	771.784
0.8796	771.784
0.88296	771.784
0.88603	771.784
0.88894	771.784
0.89185	771.784
0.89548	771.784
0.8985	771.784
0.9015	771.784
0.90542	771.784
0.90962	771.784
0.91265	771.784
0.91601	771.784
0.91971	771.784
0.92339	771.784
0.92717	771.784
0.93036	771.784
0.93362	771.784
0.93718	771.784
0.94014	771.784
0.94336	771.784
0.94698	771.784
0.95021	771.784
0.95344	771.784
0.95729	771.784
0.96026	771.784
0.96418	771.784
0.96752	771.784
0.97153	771.784
0.97519	771.784
0.97906	771.784
0.98237	771.784
0.98539	771.784
0.98899	771.784
0.99226	771.784
0.99616	771.784
0.99955	771.784
1.00365	771.784
1.00808	771.784
1.01213	771.784
1.01588	771.784
1.01949	771.784
1.0226	771.784
1.02566	771.784
1.02954	771.784
1.03329	771.784
1.03634	771.784
1.04	771.784
1.04328	771.784
1.04733	771.784
1.05073	771.784
1.05485	771.784
1.05829	771.784
1.06134	771.784
1.06531	771.784
1.06849	771.784
1.07176	771.784
1.07476	771.784
1.07858	771.784
1.08187	771.784
1.08511	771.784
1.08909	771.784
1.09239	771.784
1.09916	771.784
1.10336	771.784
1.10687	771.784
1.11087	771.784
1.11459	771.784
1.11779	771.784
1.1209	771.784
1.12456	771.784
1.12785	771.784
1.1316	771.784
1.13503	771.784
1.13955	771.784
1.14262	771.784
1.14749	771.784
1.15078	771.784
1.15483	771.784
1.15812	771.784
1.16132	771.784
1.1655	771.784
1.16884	771.784
1.17261	771.784
1.17588	771.784
1.18007	771.784
1.18343	771.784
1.1873	771.784
1.19068	771.784
1.19468	771.784
1.19833	771.784
1.20164	771.784
1.20574	771.784
1.20942	771.784
1.21318	771.784
1.21637	771.784
1.21963	771.784
1.22345	771.784
1.2267	771.784
1.23051	771.784
1.23365	771.784
1.23696	771.784
1.24088	771.784
1.24431	771.784
1.24822	771.784
1.25165	771.784
1.25555	771.784
1.25927	771.784
1.26319	771.784
1.26675	771.784
1.27029	771.784
1.27346	771.784
1.27648	771.784
1.2808	771.784
1.28481	771.784
1.28786	771.784
1.29124	771.784
1.29474	771.784
1.29848	771.784
1.30172	771.784
1.30475	771.784
1.30816	771.784
1.31159	771.784
1.31475	771.784
1.31831	771.784
1.32169	771.784
1.32469	771.784
1.32841	771.784
1.3347	771.784
1.33838	771.784
1.34162	771.784
1.34492	771.784
1.34806	771.784
1.35152	771.784
1.35496	771.784
1.35861	771.784
1.36177	771.784
1.36545	771.784
1.36893	771.784
1.37223	771.784
1.37543	771.784
1.37918	771.784
1.38248	771.784
1.3858	771.784
1.38978	771.784
1.39286	771.784
1.3965	771.784
1.40226	771.784
1.40529	771.784
1.40889	771.784
1.4127	771.784
1.41575	771.784
1.41925	771.784
1.42283	771.784
1.42676	771.784
1.43034	771.784
1.43342	771.784
1.43657	771.784
1.44251	771.784
1.44565	771.784
1.44913	771.784
1.45257	771.784
1.45599	771.784
1.45937	771.784
1.46269	771.784
1.46604	771.784
1.46931	771.784
1.4722	771.784
1.47566	771.784
1.47949	771.784
1.48328	771.784
1.48658	771.784
1.48963	771.784
1.4932	771.784
1.49753	771.784
1.50131	771.784
1.50457	771.784
1.50817	771.784
1.51168	771.784
1.51537	771.784
1.51867	771.784
1.52264	771.784
1.5258	771.784
1.52884	771.784
1.53214	771.784
1.53531	771.784
1.53953	771.784
1.54282	771.784
1.54684	771.784
1.55111	771.784
1.55461	771.784
1.56418	771.784
1.56908	771.784
1.57379	771.784
1.57699	771.784
1.58156	771.784
1.58678	771.784
1.59089	771.784
1.59476	771.784
1.59779	771.784
1.6017	771.784
1.60569	771.784
1.60993	771.784
1.61347	771.784
1.6177	771.784
1.62183	771.784
1.62614	771.784
1.62966	771.784
1.63354	771.784
1.63646	771.784
1.63981	771.784
1.64269	771.784
1.64563	771.784
1.64964	771.784
1.65263	771.784
1.65609	771.784
1.65922	771.784
1.66214	771.784
1.66514	771.784
1.66865	771.784
1.67176	771.784
1.67578	771.784
1.67959	771.784
1.68373	771.784
1.68722	771.784
1.69138	771.784
1.69469	771.784
1.69783	771.784
1.70159	771.784
1.70458	771.784
1.70816	771.784
1.7121	771.784
1.71669	771.784
1.72008	771.784
1.72408	771.784
1.72732	771.784
1.73121	771.784
1.73449	771.784
1.73757	771.784
1.74144	771.784
1.74545	771.784
1.74923	771.784
1.75575	771.784
1.7588	771.784
1.76277	771.784
1.76633	771.784
1.76968	771.784
1.77298	771.784
1.77593	771.784
1.78033	771.784
1.78381	771.784
1.78789	771.784
1.79188	771.784
1.79641	771.784
1.79958	771.784
1.80373	771.784
1.80709	771.784
1.81116	771.784
1.81488	771.784
1.81869	771.784
1.82419	771.784
1.82985	771.784
1.83538	771.784
1.84	771.784
1.84331	771.784
1.84646	771.784
1.84968	771.784
1.85494	771.784
1.85933	771.784
1.86265	771.784
1.86644	771.784
1.86975	771.784
1.87367	771.784
1.87712	771.784
1.88093	771.784
1.88511	771.784
1.88918	771.784
1.89246	771.784
1.896	771.784
1.89931	771.784
1.90354	771.784
1.90793	771.784
1.91123	771.784
1.9149	771.784
1.91881	771.784
1.92209	771.784
1.92704	771.784
1.93046	771.784
1.93362	771.784
1.93781	771.784
1.94094	771.784
1.9454	771.784
1.94938	771.784
1.9525	771.784
1.95829	771.784
1.96165	771.784
1.9648	771.784
1.96877	771.784
1.97198	771.784
1.97607	771.784
1.97945	771.784
1.98323	771.784
1.98655	771.784
1.99098	771.784
1.99464	771.784
1.99907	771.784
2.00284	771.784
2.00722	771.784
2.01189	771.784
2.01524	771.784
2.01908	771.784
2.02275	771.784
2.02654	771.784
2.03039	771.784
2.03378	771.784
2.03777	771.784
2.0418	771.784
2.04747	771.784
2.0544	771.784
2.05789	771.784
2.06289	771.784
2.06797	771.784
2.07216	771.784
2.07667	771.784
2.08212	771.784
2.08698	771.784
2.09203	771.784
2.09652	771.784
2.10048	771.784
2.10489	771.784
2.10938	771.784
2.1141	771.784
2.1196	771.784
2.12614	771.784
2.13139	771.784
2.13537	771.784
2.13942	771.784
2.14435	771.784
2.14905	771.784
2.15414	771.784
2.1579	771.784
2.16186	771.784
2.16716	771.784
2.1721	771.784
2.17715	771.784
2.1811	771.784
2.18494	771.784
2.18909	771.784
2.19612	771.784
2.20346	771.784
2.20678	771.784
2.21119	771.784
2.2162	771.784
2.22098	771.784
2.22517	771.784
2.22872	771.784
2.23245	771.784
2.23899	771.784
2.24315	771.784
2.24756	771.784
2.25205	771.784
2.25826	771.784
2.26183	771.784
2.26628	771.784
2.27066	771.784
2.27489	771.784
2.27906	771.784
2.28347	771.784
2.28828	771.784
2.29245	771.784
2.29661	771.784
2.30192	771.784
2.30674	771.784
2.31079	771.784
2.31617	771.784
2.32177	771.784
2.32637	771.784
2.33066	771.784
2.33554	771.784
2.33999	771.784
2.34422	771.784
2.34817	771.784
2.35503	771.784
2.35892	771.784
2.3638	771.784
2.37002	771.784
2.375	771.784
2.38026	771.784
2.3843	771.784
2.38834	771.784
2.39273	771.784
2.39636	771.784
2.40038	771.784
2.40517	771.784
2.40946	771.784
2.41311	771.784
2.4191	771.784
2.42463	771.784
2.42906	771.784
2.43289	771.784
2.43677	771.784
2.44112	771.784
2.44561	771.784
2.45036	771.784
2.4551	771.784
2.45969	771.784
2.46627	771.784
2.47124	771.784
2.47882	771.784
2.48627	771.784
2.49262	771.784
2.49734	771.784
2.50205	771.784
2.50859	771.784
2.51464	771.784
2.51926	771.784
2.52408	771.784
2.52837	771.784
2.53318	771.784
2.53778	771.784
2.54183	771.784
2.54625	771.784
2.55199	771.784
2.55577	771.784
2.56	771.784
2.56373	771.784
2.56833	771.784
2.57209	771.784
2.57623	771.784
2.58032	771.784
2.58449	771.784
2.58877	771.784
2.59236	771.784
2.59645	771.784
2.60045	771.784
2.60511	771.784
2.61184	771.784
2.61685	771.784
2.62156	771.784
2.62616	771.784
2.63168	771.784
2.63547	771.784
2.6405	771.784
2.64506	771.784
2.65073	771.784
2.65541	771.784
2.6618	771.784
2.66787	771.784
2.67323	771.784
2.67749	771.784
2.68246	771.784
2.68625	771.784
2.69046	771.784
2.69357	771.784
2.69767	771.784
2.70084	771.784
2.70489	771.784
2.70952	771.784
2.71454	771.784
2.71863	771.784
2.72264	771.784
2.72621	771.784
2.72958	771.784
2.73283	771.784
2.7367	771.784
2.74071	771.784
2.74404	771.784
2.74765	771.784
2.75107	771.784
2.75542	771.784
2.76009	771.784
2.76377	771.784
2.76764	771.784
2.77271	771.784
2.77626	771.784
2.78096	771.784
2.78463	771.784
2.78839	771.784
2.79209	771.784
2.7957	771.784
2.79953	771.784
2.80411	771.784
2.80832	771.784
2.8123	771.784
2.81685	771.784
2.82149	771.784
2.82705	771.784
2.83215	771.784
2.83795	771.784
2.84249	771.784
2.84876	771.784
2.85691	771.784
2.86199	771.784
2.86762	771.784
2.8721	771.784
2.8763	771.784
2.8802	771.784
2.88472	771.784
2.88838	771.784
2.89298	771.784
2.89712	771.784
2.90216	771.784
2.90807	771.784
2.91451	771.784
2.91863	771.784
2.92346	771.784
2.92905	771.784
2.93503	771.784
2.93982	771.784
2.94437	771.784
2.94832	771.784
2.95243	771.784
2.95629	771.784
2.9625	771.784
2.9664	771.784
2.97095	771.784
2.97548	771.784
2.97996	771.784
2.98447	771.784
2.9894	771.784
2.99341	771.784
2.9981	771.784
3.00293	771.784
3.00805	771.784
3.0148	771.784
3.01986	771.784
3.02422	771.784
3.02797	771.784
3.0322	771.784
3.0374	771.784
3.04193	771.784
3.04771	771.784
3.05225	771.784
3.05784	771.784
3.06282	771.784
3.0663	771.784
3.07101	771.784
3.07489	771.784
3.07936	771.784
3.0833	771.784
3.08692	771.784
3.09053	771.784
3.09511	771.784
3.09913	771.784
3.10297	771.784
3.10811	771.784
3.11172	771.784
3.11537	771.784
3.12049	771.784
3.12486	771.784
3.12938	771.784
3.13539	771.784
3.14053	771.784
3.14456	771.784
3.14914	771.784
3.15308	771.784
3.15851	771.784
3.16325	771.784
3.1688	771.784
3.17364	771.784
3.17863	771.784
3.18297	771.784
3.18738	771.784
3.19186	771.784
3.19555	771.784
3.19904	771.784
3.20339	771.784
3.20757	771.784
3.21138	771.784
3.21495	771.784
3.21945	771.784
3.22392	771.784
3.22773	771.784
3.23103	771.784
3.23501	771.784
3.23868	771.784
3.24355	771.784
3.24723	771.784
3.25193	771.784
3.25604	771.784
3.2607	771.784
3.26516	771.784
3.27	771.784
3.27307	771.784
3.27813	771.784
3.28328	771.784
3.28692	771.784
3.29115	771.784
3.29476	771.784
3.29883	771.784
3.30322	771.784
3.30819	771.784
3.31223	771.784
3.31582	771.784
3.3195	771.784
3.32491	771.784
3.33223	771.784
3.33668	771.784
3.341	771.784
3.3456	771.784
3.34915	771.784
3.35458	771.784
3.35938	771.784
3.36383	771.784
3.36827	771.784
3.37223	771.784
3.37635	771.784
3.37992	771.784
3.3846	771.784
3.38909	771.784
3.39406	771.784
3.40045	771.784
3.40731	771.784
3.41608	771.784
3.42292	771.784
3.42855	771.784
3.4345	771.784
3.4393	771.784
3.44392	771.784
3.44827	771.784
3.45477	771.784
3.46178	771.784
3.46705	771.784
3.47163	771.784
3.47606	771.784
3.48021	771.784
3.48608	771.784
3.4925	771.784
3.49636	771.784
3.50027	771.784
3.50362	771.784
3.50759	771.784
3.51229	771.784
3.51672	771.784
3.52098	771.784
3.52542	771.784
3.5301	771.784
3.53539	771.784
3.53918	771.784
3.54358	771.784
3.54767	771.784
3.55221	771.784
3.55661	771.784
3.56138	771.784
3.5655	771.784
3.56997	771.784
3.57549	771.784
3.57989	771.784
3.58461	771.784
3.58916	771.784
3.59382	771.784
3.598	771.784
3.60244	771.784
3.607	771.784
3.61162	771.784
3.6166	771.784
3.62208	771.784
3.62678	771.784
3.63138	771.784
3.63568	771.784
3.64007	771.784
3.64449	771.784
3.64877	771.784
3.65286	771.784
3.65732	771.784
3.66132	771.784
3.6661	771.784
3.67094	771.784
3.67472	771.784
3.67881	771.784
3.68344	771.784
3.68849	771.784
3.69438	771.784
3.69876	771.784
3.7026	771.784
3.70717	771.784
3.71224	771.784
3.71607	771.784
3.72043	771.784
3.7241	771.784
3.72811	771.784
3.73514	771.784
3.74005	771.784
3.74602	771.784
3.75065	771.784
3.75527	771.784
3.75936	771.784
3.76361	771.784
3.76893	771.784
3.77246	771.784
3.7757	771.784
3.77973	771.784
3.78331	771.784
3.78844	771.784
3.79228	771.784
3.79703	771.784
3.80258	771.784
3.80859	771.784
3.81253	771.784
3.81642	771.784
3.82033	771.784
3.82449	771.784
3.8283	771.784
3.83221	771.784
3.8361	771.784
3.84123	771.784
3.84553	771.784
3.85002	771.784
3.85483	771.784
3.85857	771.784
3.86314	771.784
3.86749	771.784
3.87243	771.784
3.87745	771.784
3.88254	771.784
3.88739	771.784
3.8925	771.784
3.89851	771.784
3.90411	771.784
3.90833	771.784
3.91443	771.784
3.91807	771.784
3.92179	771.784
3.92569	771.784
3.92972	771.784
3.9352	771.784
3.94071	771.784
3.94457	771.784
3.94808	771.784
3.95265	771.784
3.95698	771.784
3.96095	771.784
3.96507	771.784
3.96975	771.784
3.97344	771.784
3.97842	771.784
3.98201	771.784
3.98661	771.784
3.99147	771.784
3.99568	771.784
4.0002	771.784
4.00511	771.784
4.01002	771.784
4.01512	771.784
4.02124	771.784
4.02538	771.784
4.03003	771.784
4.03533	771.784
4.03912	771.784
4.04341	771.784
4.04754	771.784
4.05171	771.784
4.05542	771.784
4.06041	771.784
4.06461	771.784
4.06895	771.784
4.07372	771.784
4.07847	771.784
4.08252	771.784
4.08745	771.784
4.09205	771.784
4.09584	771.784
4.09977	771.784
4.10408	771.784
4.10782	771.784
4.11226	771.784
4.11603	771.784
4.12009	771.784
4.12391	771.784
4.13055	771.784
4.13525	771.784
4.13955	771.784
4.14383	771.784
4.1476	771.784
4.1516	771.784
4.15531	771.784
4.15996	771.784
4.16369	771.784
4.16814	771.784
4.17194	771.784
4.17617	771.784
4.17952	771.784
4.18722	771.784
4.19175	771.784
4.19661	771.784
4.20348	771.784
4.20816	771.784
4.21377	771.784
4.21914	771.784
4.2246	771.784
4.2323	771.784
4.23933	771.784
4.24612	771.784
4.2514	771.784
4.25588	771.784
4.26207	771.784
4.26645	771.784
4.27222	771.784
4.27807	771.784
4.28395	771.784
4.28855	771.784
4.29351	771.784
4.29985	771.784
4.30435	771.784
4.31027	771.784
4.31516	771.784
4.32158	771.784
4.32833	771.784
4.33281	771.784
4.3382	771.784
4.34339	771.784
4.34847	771.784
4.35171	771.784
4.35614	771.784
4.35989	771.784
4.3635	771.784
4.36725	771.784
4.37198	771.784
4.37641	771.784
4.37997	771.784
4.38573	771.784
4.38931	771.784
4.39263	771.784
4.39601	771.784
4.40015	771.784
4.40351	771.784
4.40771	771.784
4.41236	771.784
4.41652	771.784
4.42256	771.784
4.42979	771.784
4.43445	771.784
4.43919	771.784
4.44446	771.784
4.44816	771.784
4.45199	771.784
4.45699	771.784
4.46152	771.784
4.46519	771.784
4.47041	771.784
4.47496	771.784
4.47845	771.784
4.48354	771.784
4.48794	771.784
4.49306	771.784
4.49723	771.784
4.50106	771.784
4.50459	771.784
4.50891	771.784
4.51347	771.784
4.51767	771.784
4.52114	771.784
4.52475	771.784
4.5289	771.784
4.53296	771.784
4.53729	771.784
4.54174	771.784
4.54571	771.784
4.54957	771.784
4.55345	771.784
4.55834	771.784
4.56224	771.784
4.56676	771.784
4.5714	771.784
4.57532	771.784
4.57953	771.784
4.58408	771.784
4.58756	771.784
4.59129	771.784
4.59485	771.784
4.59875	771.784
4.60452	771.784
4.60777	771.784
4.61141	771.784
4.61543	771.784
4.61962	771.784
4.6236	771.784
4.62726	771.784
4.63122	771.784
4.63544	771.784
4.63975	771.784
4.64507	771.784
4.64881	771.784
4.65246	771.784
4.65752	771.784
4.66194	771.784
4.66567	771.784
4.66938	771.784
4.67324	771.784
4.67748	771.784
4.68171	771.784
4.68627	771.784
4.69034	771.784
4.69364	771.784
4.6972	771.784
4.7007	771.784
4.70401	771.784
4.70819	771.784
4.7116	771.784
4.71603	771.784
4.71995	771.784
4.72388	771.784
4.72766	771.784
4.73138	771.784
4.73524	771.784
4.73955	771.784
4.74344	771.784
4.74782	771.784
4.75193	771.784
4.75546	771.784
4.75986	771.784
4.76421	771.784
4.76789	771.784
4.77363	771.784
4.77821	771.784
4.78156	771.784
4.78492	771.784
4.78845	771.784
4.79186	771.784
4.7955	771.784
4.80023	771.784
4.80416	771.784
4.80786	771.784
4.81194	771.784
4.81582	771.784
4.82032	771.784
4.82442	771.784
4.82825	771.784
4.83332	771.784
4.83687	771.784
4.84006	771.784
4.84354	771.784
4.84731	771.784
4.85199	771.784
4.85624	771.784
4.85963	771.784
4.86375	771.784
4.8681	771.784
4.87228	771.784
4.87621	771.784
4.87986	771.784
4.88394	771.784
4.88814	771.784
4.89181	771.784
4.89606	771.784
4.90031	771.784
4.9073	771.784
4.91493	771.784
4.92069	771.784
4.92513	771.784
4.9302	771.784
4.93474	771.784
4.9394	771.784
4.94437	771.784
4.94931	771.784
4.95376	771.784
4.9597	771.784
4.96401	771.784
4.96815	771.784
4.97217	771.784
4.97874	771.784
4.98419	771.784
4.98877	771.784
4.99253	771.784
4.99618	771.784
4.99971	771.784
5.00353	771.784
5.00866	771.784
5.01208	771.784
5.01599	771.784
5.02042	771.784
5.02519	771.784
5.031	771.784
5.03534	771.784
5.0394	771.784
5.0442	771.784
5.0479	771.784
5.05299	771.784
5.05763	771.784
5.06147	771.784
5.06496	771.784
5.06843	771.784
5.07453	771.784
5.07852	771.784
5.08297	771.784
5.08902	771.784
5.09352	771.784
5.09846	771.784
5.10297	771.784
5.10638	771.784
5.10979	771.784
5.11332	771.784
5.11739	771.784
5.12123	771.784
5.12535	771.784
5.12914	771.784
5.13274	771.784
5.13764	771.784
5.14174	771.784
5.14569	771.784
5.14914	771.784
5.1525	771.784
5.15652	771.784
5.16007	771.784
5.1639	771.784
5.16831	771.784
5.17185	771.784
5.17627	771.784
5.18037	771.784
5.18421	771.784
5.18879	771.784
5.19225	771.784
5.19592	771.784
5.20066	771.784
5.20447	771.784
5.20881	771.784
5.21247	771.784
5.21648	771.784
5.22043	771.784
5.22409	771.784
5.22763	771.784
5.23545	771.784
5.23925	771.784
5.24463	771.784
5.25254	771.784
5.25692	771.784
5.26492	771.784
5.27243	771.784
5.27946	771.784
5.28434	771.784
5.29123	771.784
5.2973	771.784
5.30329	771.784
5.30834	771.784
5.31291	771.784
5.31641	771.784
5.32012	771.784
5.32406	771.784
5.32798	771.784
5.33266	771.784
5.33783	771.784
5.34184	771.784
5.34728	771.784
5.35171	771.784
5.3583	771.784
5.36409	771.784
5.3678	771.784
5.37303	771.784
5.37774	771.784
5.38259	771.784
5.38653	771.784
5.3898	771.784
5.39377	771.784
5.39695	771.784
5.40051	771.784
5.40424	771.784
5.40891	771.784
5.41281	771.784
5.4162	771.784
5.4204	771.784
5.42455	771.784
5.42832	771.784
5.43246	771.784
5.43639	771.784
5.43958	771.784
5.44307	771.784
5.4465	771.784
5.44974	771.784
5.45291	771.784
5.45662	771.784
5.4602	771.784
5.46487	771.784
5.46866	771.784
5.47209	771.784
5.47591	771.784
5.47962	771.784
5.48391	771.784
5.4871	771.784
5.49149	771.784
5.49496	771.784
5.4992	771.784
5.50301	771.784
5.50657	771.784
5.50974	771.784
5.5133	771.784
5.51683	771.784
5.52099	771.784
5.52528	771.784
5.52871	771.784
5.53234	771.784
5.53833	771.784
5.54417	771.784
5.5509	771.784
5.55919	771.784
5.56676	771.784
5.57161	771.784
5.57625	771.784
5.58144	771.784
5.58762	771.784
5.59385	771.784
5.59859	771.784
5.60356	771.784
5.61206	771.784
5.61852	771.784
5.62456	771.784
5.6304	771.784
5.63838	771.784
5.64551	771.784
5.65003	771.784
5.65537	771.784
5.66052	771.784
5.66526	771.784
5.67235	771.784
5.67797	771.784
5.68376	771.784
5.68963	771.784
5.6952	771.784
5.70042	771.784
5.71053	771.784
5.71544	771.784
5.72018	771.784
5.72693	771.784
5.7326	771.784
5.73771	771.784
5.74496	771.784
5.75076	771.784
5.7564	771.784
5.76303	771.784
5.77128	771.784
5.77608	771.784
5.78322	771.784
5.78855	771.784
5.79497	771.784
5.80014	771.784
5.8042	771.784
5.80999	771.784
5.8158	771.784
5.82027	771.784
5.82527	771.784
5.83125	771.784
5.83622	771.784
5.8424	771.784
5.84689	771.784
5.85127	771.784
5.85592	771.784
5.85998	771.784
5.86675	771.784
5.87146	771.784
5.87706	771.784
5.88179	771.784
5.88716	771.784
5.89153	771.784
5.89637	771.784
5.90061	771.784
5.90465	771.784
5.90852	771.784
5.91261	771.784
5.91734	771.784
5.92249	771.784
5.92681	771.784
5.93325	771.784
5.93745	771.784
5.94253	771.784
5.94662	771.784
5.95192	771.784
5.95598	771.784
5.96265	771.784
5.96927	771.784
5.97454	771.784
5.97972	771.784
5.98421	771.784
5.99081	771.784
5.99597	771.784
6.00027	771.784
6.00426	771.784
6.00868	771.784
6.01285	771.784
6.01694	771.784
6.02133	771.784
6.02647	771.784
6.03314	771.784
6.04198	771.784
6.04933	771.784
6.0535	771.784
6.05908	771.784
6.06392	771.784
6.06842	771.784
6.07241	771.784
6.07929	771.784
6.08633	771.784
6.09444	771.784
6.10155	771.784
6.10723	771.784
6.1132	771.784
6.11822	771.784
6.12439	771.784
6.13389	771.784
6.14	771.784
6.14375	771.784
6.14853	771.784
6.15315	771.784
6.16044	771.784
6.16449	771.784
6.17182	771.784
6.17652	771.784
6.18037	771.784
6.18396	771.784
6.18845	771.784
6.19253	771.784
6.19725	771.784
6.20162	771.784
6.20653	771.784
6.20984	771.784
6.21485	771.784
6.22027	771.784
6.22814	771.784
6.23297	771.784
6.23862	771.784
6.24508	771.784
6.25086	771.784
6.25601	771.784
6.25976	771.784
6.26364	771.784
6.26719	771.784
6.27148	771.784
6.27608	771.784
6.28007	771.784
6.28365	771.784
6.28833	771.784
6.2929	771.784
6.29666	771.784
6.3045	771.784
6.30845	771.784
6.31385	771.784
6.31868	771.784
6.32249	771.784
6.32648	771.784
6.33083	771.784
6.33428	771.784
6.33893	771.784
6.34383	771.784
6.34794	771.784
6.35257	771.784
6.35605	771.784
6.35967	771.784
6.36459	771.784
6.3682	771.784
6.37197	771.784
6.37546	771.784
6.38073	771.784
6.38483	771.784
6.38812	771.784
6.39265	771.784
6.39648	771.784
6.40015	771.784
6.40398	771.784
6.40809	771.784
6.41274	771.784
6.41635	771.784
6.41975	771.784
6.42391	771.784
6.43075	771.784
6.43433	771.784
6.43748	771.784
6.44107	771.784
6.44467	771.784
6.44818	771.784
6.45187	771.784
6.45494	771.784
6.4601	771.784
6.46712	771.784
6.47176	771.784
6.47597	771.784
6.48477	771.784
6.49101	771.784
6.4949	771.784
6.49976	771.784
6.5043	771.784
6.50863	771.784
6.51327	771.784
6.51756	771.784
6.52114	771.784
6.52677	771.784
6.53037	771.784
6.53388	771.784
6.53747	771.784
6.54227	771.784
6.54623	771.784
6.55296	771.784
6.55909	771.784
6.56434	771.784
6.56786	771.784
6.57124	771.784
6.57542	771.784
6.58026	771.784
6.58642	771.784
6.591	771.784
6.59616	771.784
6.60088	771.784
6.60566	771.784
6.61002	771.784
6.61616	771.784
6.62418	771.784
6.62918	771.784
6.63325	771.784
6.63891	771.784
6.64259	771.784
6.646	771.784
6.65102	771.784
6.65485	771.784
6.66149	771.784
6.66809	771.784
6.67231	771.784
6.67602	771.784
6.68103	771.784
6.68462	771.784
6.68779	771.784
6.69158	771.784
6.69694	771.784
6.70044	771.784
6.70496	771.784
6.70879	771.784
6.71242	771.784
6.71568	771.784
6.7205	771.784
6.72427	771.784
6.72793	771.784
6.73134	771.784
6.73476	771.784
6.74057	771.784
6.74441	771.784
6.74881	771.784
6.75298	771.784
6.75752	771.784
6.76216	771.784
6.76572	771.784
6.77197	771.784
6.77802	771.784
6.78286	771.784
6.78751	771.784
6.79191	771.784
6.7963	771.784
6.80259	771.784
6.80971	771.784
6.81484	771.784
6.81994	771.784
6.82472	771.784
6.82836	771.784
6.8329	771.784
6.83667	771.784
6.84012	771.784
6.84435	771.784
6.84842	771.784
6.85169	771.784
6.85649	771.784
6.86029	771.784
6.86463	771.784
6.86876	771.784
6.87435	771.784
6.87829	771.784
6.88455	771.784
6.88803	771.784
6.89267	771.784
6.89734	771.784
6.9012	771.784
6.90457	771.784
6.90817	771.784
6.91224	771.784
6.91817	771.784
6.92215	771.784
6.92569	771.784
6.92957	771.784
6.93351	771.784
6.9373	771.784
6.94129	771.784
6.94473	771.784
6.94783	771.784
6.9528	771.784
6.9571	771.784
6.96193	771.784
6.96502	771.784
6.96852	771.784
6.97184	771.784
6.97623	771.784
6.98005	771.784
6.98473	771.784
6.98819	771.784
6.99199	771.784
6.99567	771.784
6.99999	771.784
7.00452	771.784
7.00922	771.784
7.01494	771.784
7.01995	771.784
7.02465	771.784
7.02871	771.784
7.0357	771.784
7.03989	771.784
7.04462	771.784
7.04947	771.784
7.05329	771.784
7.05878	771.784
7.06276	771.784
7.06675	771.784
7.07123	771.784
7.07489	771.784
7.07832	771.784
7.08192	771.784
7.08679	771.784
7.09082	771.784
7.09599	771.784
7.09962	771.784
7.10301	771.784
7.1083	771.784
7.11187	771.784
7.11589	771.784
7.11979	771.784
7.12341	771.784
7.12791	771.784
7.13269	771.784
7.137	771.784
7.14103	771.784
7.14477	771.784
7.14826	771.784
7.15239	771.784
7.15688	771.784
7.16203	771.784
7.16848	771.784
7.17325	771.784
7.17812	771.784
7.18304	771.784
7.18762	771.784
7.19139	771.784
7.19601	771.784
7.19975	771.784
7.20756	771.784
7.21316	771.784
7.21773	771.784
7.22387	771.784
7.22849	771.784
7.23548	771.784
7.24166	771.784
7.24551	771.784
7.24979	771.784
7.25379	771.784
7.25778	771.784
7.26272	771.784
7.26689	771.784
7.27033	771.784
7.27569	771.784
7.28022	771.784
7.28443	771.784
7.28797	771.784
7.29193	771.784
7.29615	771.784
7.29988	771.784
7.30405	771.784
7.30822	771.784
7.31282	771.784
7.31648	771.784
7.32006	771.784
7.32394	771.784
7.32836	771.784
7.33208	771.784
7.33649	771.784
7.34026	771.784
7.34394	771.784
7.34758	771.784
7.35176	771.784
7.35617	771.784
7.36122	771.784
7.36543	771.784
7.3697	771.784
7.37371	771.784
7.37828	771.784
7.38185	771.784
7.38749	771.784
7.39152	771.784
7.39658	771.784
7.39991	771.784
7.40476	771.784
7.40942	771.784
7.41288	771.784
7.41767	771.784
7.42288	771.784
7.42671	771.784
7.43169	771.784
7.43594	771.784
7.4408	771.784
7.4444	771.784
7.44788	771.784
7.45177	771.784
7.45642	771.784
7.4601	771.784
7.46439	771.784
7.46828	771.784
7.47205	771.784
7.47655	771.784
7.48085	771.784
7.48517	771.784
7.4895	771.784
7.49497	771.784
7.5019	771.784
7.50743	771.784
7.51236	771.784
7.51765	771.784
7.52312	771.784
7.53118	771.784
7.53742	771.784
7.54486	771.784
7.54986	771.784
7.55548	771.784
7.56042	771.784
7.56504	771.784
7.5691	771.784
7.57328	771.784
7.57815	771.784
7.58354	771.784
7.58842	771.784
7.5924	771.784
7.59998	771.784
7.60391	771.784
7.61128	771.784
7.6175	771.784
7.62157	771.784
7.62679	771.784
7.63173	771.784
7.63897	771.784
7.64343	771.784
7.6474	771.784
7.65131	771.784
7.65479	771.784
7.65961	771.784
7.66347	771.784
7.66811	771.784
7.67421	771.784
7.68051	771.784
7.6862	771.784
7.6953	771.784
7.70007	771.784
7.70451	771.784
7.70826	771.784
7.71121	771.784
7.7152	771.784
7.71952	771.784
7.72239	771.784
7.72532	771.784
7.73131	771.784
7.73692	771.784
7.74065	771.784
7.74364	771.784
7.74932	771.784
7.75271	771.784
7.75602	771.784
7.75932	771.784
7.76303	771.784
7.76626	771.784
7.76912	771.784
7.7726	771.784
7.77617	771.784
7.78016	771.784
7.78396	771.784
7.78765	771.784
7.79164	771.784
7.79537	771.784
7.79855	771.784
7.80139	771.784
7.80603	771.784
7.81139	771.784
7.8166	771.784
7.8208	771.784
7.82408	771.784
7.8278	771.784
7.83204	771.784
7.83523	771.784
7.83928	771.784
7.84289	771.784
7.8464	771.784
7.85072	771.784
7.85416	771.784
7.85732	771.784
7.86145	771.784
7.86475	771.784
7.86839	771.784
7.87174	771.784
7.87577	771.784
7.87894	771.784
7.88288	771.784
7.88666	771.784
7.89002	771.784
7.89309	771.784
7.89656	771.784
7.90011	771.784
7.90425	771.784
7.90778	771.784
7.91175	771.784
7.91678	771.784
7.92249	771.784
7.92624	771.784
7.92969	771.784
7.93375	771.784
7.93795	771.784
7.94356	771.784
7.94871	771.784
7.95267	771.784
7.95686	771.784
7.961	771.784
7.96407	771.784
7.96798	771.784
7.97223	771.784
7.97564	771.784
7.97872	771.784
7.98195	771.784
7.9859	771.784
7.98904	771.784
7.99279	771.784
7.99614	771.784
8.00021	771.784
8.00622	771.784
8.01014	771.784
8.01321	771.784
8.01651	771.784
8.01957	771.784
8.02349	771.784
8.02678	771.784
8.03119	771.784
8.03431	771.784
8.03742	771.784
8.04128	771.784
8.04441	771.784
8.04838	771.784
8.05154	771.784
8.05533	771.784
8.05939	771.784
8.06293	771.784
8.06702	771.784
8.0706	771.784
8.07606	771.784
8.07948	771.784
8.08361	771.784
8.08691	771.784
8.09076	771.784
8.09404	771.784
8.09715	771.784
8.10099	771.784
8.10433	771.784
8.10772	771.784
8.11206	771.784
8.11616	771.784
8.1204	771.784
8.1237	771.784
8.12761	771.784
8.13113	771.784
8.13494	771.784
8.13864	771.784
8.14349	771.784
8.14711	771.784
8.15159	771.784
8.15548	771.784
8.15907	771.784
8.16338	771.784
8.16753	771.784
8.17146	771.784
8.17534	771.784
8.17924	771.784
8.18285	771.784
8.18696	771.784
8.19026	771.784
8.19347	771.784
8.19753	771.784
8.20183	771.784
8.2075	771.784
8.21246	771.784
8.21601	771.784
8.22037	771.784
8.22639	771.784
8.23123	771.784
8.23485	771.784
8.23866	771.784
8.24176	771.784
8.24562	771.784
8.24955	771.784
8.25345	771.784
8.25696	771.784
8.26037	771.784
8.26439	771.784
8.268	771.784
8.27224	771.784
8.27564	771.784
8.27959	771.784
8.28396	771.784
8.28784	771.784
8.29273	771.784
8.2994	771.784
8.30361	771.784
8.30754	771.784
8.31217	771.784
8.31538	771.784
8.3193	771.784
8.32252	771.784
8.32552	771.784
8.3296	771.784
8.33259	771.784
8.33856	771.784
8.34245	771.784
8.34571	771.784
8.349	771.784
8.35316	771.784
8.35647	771.784
8.36026	771.784
8.36386	771.784
8.36787	771.784
8.37106	771.784
8.37504	771.784
8.37837	771.784
8.38154	771.784
8.38544	771.784
8.3884	771.784
8.39232	771.784
8.39546	771.784
8.39924	771.784
8.40238	771.784
8.40728	771.784
8.41056	771.784
8.41346	771.784
8.41747	771.784
8.42053	771.784
8.42365	771.784
8.42648	771.784
8.4294	771.784
8.43344	771.784
8.43664	771.784
8.4424	771.784
8.44566	771.784
8.44947	771.784
8.45268	771.784
8.4562	771.784
8.46001	771.784
8.46335	771.784
8.46648	771.784
8.46944	771.784
8.47363	771.784
8.47656	771.784
8.47973	771.784
8.48268	771.784
8.48665	771.784
8.49004	771.784
8.49318	771.784
8.4968	771.784
8.50176	771.784
8.5092	771.784
8.51286	771.784
8.51678	771.784
8.52007	771.784
8.52391	771.784
8.52827	771.784
8.53118	771.784
8.53439	771.784
8.53769	771.784
8.54071	771.784
8.54373	771.784
8.54688	771.784
8.55054	771.784
8.55492	771.784
8.5588	771.784
8.56267	771.784
8.56654	771.784
8.56991	771.784
8.57387	771.784
8.57713	771.784
8.58073	771.784
8.58476	771.784
8.59105	771.784
8.59466	771.784
8.598	771.784
8.60261	771.784
8.60657	771.784
8.61026	771.784
8.61386	771.784
8.61727	771.784
8.62073	771.784
8.62444	771.784
8.63072	771.784
8.63422	771.784
8.63865	771.784
8.64207	771.784
8.64539	771.784
8.64887	771.784
8.65202	771.784
8.65554	771.784
8.66006	771.784
8.66345	771.784
8.66703	771.784
8.67037	771.784
8.67312	771.784
8.67632	771.784
8.68246	771.784
8.68581	771.784
8.68919	771.784
8.69256	771.784
8.6961	771.784
8.69977	771.784
8.70294	771.784
8.70707	771.784
8.71021	771.784
8.71487	771.784
8.71815	771.784
8.72103	771.784
8.72429	771.784
8.72813	771.784
8.73114	771.784
8.73492	771.784
8.73887	771.784
8.74196	771.784
8.74514	771.784
8.7488	771.784
8.75201	771.784
8.75546	771.784
8.75984	771.784
8.76376	771.784
8.7672	771.784
8.7708	771.784
8.77587	771.784
8.78028	771.784
8.7832	771.784
8.78709	771.784
8.79106	771.784
8.79479	771.784
8.79796	771.784
8.80085	771.784
8.80406	771.784
8.80846	771.784
8.81147	771.784
8.81433	771.784
8.81909	771.784
8.82232	771.784
8.82528	771.784
8.82854	771.784
8.83202	771.784
8.83582	771.784
8.83919	771.784
8.8429	771.784
8.8462	771.784
8.84903	771.784
8.85246	771.784
8.85628	771.784
8.86018	771.784
8.86407	771.784
8.86729	771.784
8.87121	771.784
8.87448	771.784
8.87785	771.784
8.88159	771.784
8.88503	771.784
8.88857	771.784
8.89451	771.784
8.89789	771.784
8.90174	771.784
8.90516	771.784
8.91095	771.784
8.9149	771.784
8.91846	771.784
8.92223	771.784
8.92556	771.784
8.9285	771.784
8.93158	771.784
8.93521	771.784
8.93831	771.784
8.94173	771.784
8.94474	771.784
8.94849	771.784
8.95193	771.784
8.95574	771.784
8.95878	771.784
8.96169	771.784
8.96526	771.784
8.96903	771.784
8.97248	771.784
8.97851	771.784
8.98186	771.784
8.9857	771.784
8.98888	771.784
8.99202	771.784
8.99752	771.784
9.00103	771.784
9.00434	771.784
9.00763	771.784
9.01169	771.784
9.01496	771.784
9.01802	771.784
9.02254	771.784
9.02561	771.784
9.0289	771.784
9.03192	771.784
9.03593	771.784
9.03922	771.784
9.04323	771.784
9.04625	771.784
9.04922	771.784
9.05237	771.784
9.05572	771.784
9.05919	771.784
9.063	771.784
9.06623	771.784
9.06908	771.784
9.07227	771.784
9.07538	771.784
9.0791	771.784
9.08327	771.784
9.08719	771.784
9.09115	771.784
9.09433	771.784
9.09748	771.784
9.10132	771.784
9.10432	771.784
9.10732	771.784
9.11054	771.784
9.11387	771.784
9.11747	771.784
9.12134	771.784
9.12474	771.784
9.12813	771.784
9.1312	771.784
9.13601	771.784
9.13912	771.784
9.14314	771.784
9.14704	771.784
9.15035	771.784
9.15333	771.784
9.15663	771.784
9.16029	771.784
9.16423	771.784
9.16739	771.784
9.17115	771.784
9.17434	771.784
9.17789	771.784
9.18169	771.784
9.18541	771.784
9.18935	771.784
9.19226	771.784
9.19645	771.784
9.19945	771.784
9.203	771.784
9.20634	771.784
9.2091	771.784
9.21229	771.784
9.21528	771.784
9.21892	771.784
9.22236	771.784
9.22559	771.784
9.22956	771.784
9.23254	771.784
9.23843	771.784
9.24166	771.784
9.24518	771.784
9.24856	771.784
9.25153	771.784
9.25517	771.784
9.25905	771.784
9.26347	771.784
9.26623	771.784
9.2691	771.784
9.2724	771.784
9.27552	771.784
9.27869	771.784
9.28183	771.784
9.28564	771.784
9.28889	771.784
9.2924	771.784
9.29691	771.784
9.3005	771.784
9.30626	771.784
9.30953	771.784
9.31309	771.784
9.31753	771.784
9.32054	771.784
9.32354	771.784
9.32638	771.784
9.3294	771.784
9.33287	771.784
9.33597	771.784
9.33902	771.784
9.34278	771.784
9.34601	771.784
9.34957	771.784
9.35265	771.784
9.35584	771.784
9.35946	771.784
9.36261	771.784
9.36779	771.784
9.37099	771.784
9.375	771.784
9.37835	771.784
9.38147	771.784
9.38491	771.784
9.3884	771.784
9.39152	771.784
9.3955	771.784
9.39923	771.784
9.40266	771.784
9.40719	771.784
9.41056	771.784
9.41379	771.784
9.41724	771.784
9.4208	771.784
9.424	771.784
9.42764	771.784
9.43254	771.784
9.43585	771.784
9.43968	771.784
9.44388	771.784
9.44771	771.784
9.45089	771.784
9.45438	771.784
9.4574	771.784
9.46108	771.784
9.46431	771.784
9.4682	771.784
9.47207	771.784
9.47607	771.784
9.48118	771.784
9.48431	771.784
9.48785	771.784
9.49139	771.784
9.49492	771.784
9.49841	771.784
9.50141	771.784
9.50473	771.784
9.50938	771.784
9.51253	771.784
9.5156	771.784
9.51885	771.784
9.5232	771.784
9.52672	771.784
9.52977	771.784
9.53332	771.784
9.53683	771.784
9.54244	771.784
9.54547	771.784
9.54853	771.784
9.55177	771.784
9.55725	771.784
9.56081	771.784
9.56401	771.784
9.56817	771.784
9.57126	771.784
9.57482	771.784
9.57785	771.784
9.58091	771.784
9.58447	771.784
9.59125	771.784
9.5951	771.784
9.59872	771.784
9.60201	771.784
9.60561	771.784
9.60883	771.784
9.61253	771.784
9.61578	771.784
9.61939	771.784
9.62255	771.784
9.62693	771.784
9.6302	771.784
9.63322	771.784
9.63638	771.784
9.63932	771.784
9.64303	771.784
9.64633	771.784
9.64927	771.784
9.6527	771.784
9.65558	771.784
9.65942	771.784
9.66279	771.784
9.66668	771.784
9.66974	771.784
9.67263	771.784
9.67595	771.784
9.67916	771.784
9.68298	771.784
9.68616	771.784
9.69014	771.784
9.69329	771.784
9.69691	771.784
9.70089	771.784
9.70475	771.784
9.70815	771.784
9.71147	771.784
9.71481	771.784
9.71831	771.784
9.72118	771.784
9.72469	771.784
9.72826	771.784
9.73203	771.784
9.73587	771.784
9.73902	771.784
9.74274	771.784
9.74629	771.784
9.74934	771.784
9.75332	771.784
9.75632	771.784
9.76005	771.784
9.76318	771.784
9.76807	771.784
9.77143	771.784
9.77506	771.784
9.77828	771.784
9.7813	771.784
9.78526	771.784
9.78823	771.784
9.79233	771.784
9.79548	771.784
9.79915	771.784
9.8023	771.784
9.80665	771.784
9.81049	771.784
9.81352	771.784
9.81695	771.784
9.82015	771.784
9.82384	771.784
9.82711	771.784
9.83077	771.784
9.83383	771.784
9.83675	771.784
9.83994	771.784
9.84287	771.784
9.84596	771.784
9.84983	771.784
9.85329	771.784
9.85681	771.784
9.86017	771.784
9.86392	771.784
9.86694	771.784
9.86976	771.784
9.87353	771.784
9.87637	771.784
9.8802	771.784
9.88321	771.784
9.88692	771.784
9.89008	771.784
9.893	771.784
9.89661	771.784
9.90145	771.784
9.9053	771.784
9.90827	771.784
9.91209	771.784
9.91526	771.784
9.91897	771.784
9.92272	771.784
9.92647	771.784
9.92976	771.784
9.93308	771.784
9.93626	771.784
9.93942	771.784
9.94369	771.784
9.94679	771.784
9.94963	771.784
9.95351	771.784
9.95641	771.784
9.96013	771.784
9.96315	771.784
9.96683	771.784
9.97002	771.784
9.97292	771.784
9.97618	771.784
9.97923	771.784
9.98292	771.784
9.9864	771.784
9.98951	771.784
9.99375	771.784
9.99669	771.784
9.99992	771.784
