0	6293.008
0.00734	6293.008
0.0112	6293.008
0.01586	6293.008
0.01988	6293.008
0.02371	6293.008
0.02864	6293.008
0.03261	6293.008
0.03642	6293.008
0.04085	6293.008
0.04457	6293.008
0.0489	6293.008
0.05229	6293.008
0.05667	6293.008
0.061	6293.008
0.0646	6293.008
0.06825	6293.008
0.07218	6293.008
0.07566	6293.008
0.08074	6293.008
0.08405	6293.008
0.08812	6293.008
0.0917	6293.008
0.09666	6293.008
0.10292	6293.008
0.1085	6293.008
0.113	6293.008
0.11709	6293.008
0.12122	6293.008
0.12493	6293.008
0.1282	6293.008
0.13192	6293.008
0.13519	6293.008
0.1387	6293.008
0.14289	6293.008
0.14664	6293.008
0.15075	6293.008
0.15389	6293.008
0.15785	6293.008
0.16199	6293.008
0.1656	6293.008
0.1696	6293.008
0.17349	6293.008
0.17754	6293.008
0.18084	6293.008
0.18411	6293.008
0.18823	6293.008
0.19293	6293.008
0.19843	6293.008
0.20415	6293.008
0.20749	6293.008
0.21092	6293.008
0.21596	6293.008
0.22061	6293.008
0.22539	6293.008
0.23259	6293.008
0.23615	6293.008
0.24051	6293.008
0.24413	6293.008
0.2481	6293.008
0.25202	6293.008
0.25591	6293.008
0.25956	6293.008
0.2628	6293.008
0.26624	6293.008
0.27138	6293.008
0.2749	6293.008
0.27906	6293.008
0.28239	6293.008
0.28584	6293.008
0.28936	6293.008
0.29294	6293.008
0.29711	6293.008
0.30123	6293.008
0.30526	6293.008
0.30897	6293.008
0.31286	6293.008
0.31641	6293.008
0.32059	6293.008
0.32413	6293.008
0.32936	6293.008
0.33817	6293.008
0.34262	6293.008
0.34681	6293.008
0.35075	6293.008
0.35488	6293.008
0.35805	6293.008
0.36131	6293.008
0.36541	6293.008
0.36963	6293.008
0.37277	6293.008
0.37608	6293.008
0.38014	6293.008
0.38445	6293.008
0.3909	6293.008
0.39542	6293.008
0.39886	6293.008
0.40307	6293.008
0.40649	6293.008
0.41054	6293.008
0.4139	6293.008
0.41695	6293.008
0.42122	6293.008
0.42551	6293.008
0.42963	6293.008
0.43295	6293.008
0.43664	6293.008
0.44045	6293.008
0.44456	6293.008
0.44873	6293.008
0.45709	6293.008
0.46034	6293.008
0.46368	6293.008
0.46791	6293.008
0.47392	6293.008
0.47712	6293.008
0.48101	6293.008
0.48778	6293.008
0.49347	6293.008
0.49714	6293.008
0.50054	6293.008
0.50525	6293.008
0.50893	6293.008
0.51236	6293.008
0.51591	6293.008
0.52101	6293.008
0.52425	6293.008
0.52836	6293.008
0.53491	6293.008
0.53967	6293.008
0.54376	6293.008
0.54787	6293.008
0.55129	6293.008
0.5553	6293.008
0.55962	6293.008
0.56427	6293.008
0.56884	6293.008
0.57164	6293.008
0.57599	6293.008
0.57924	6293.008
0.58283	6293.008
0.5868	6293.008
0.59074	6293.008
0.59515	6293.008
0.60289	6293.008
0.60756	6293.008
0.61184	6293.008
0.61686	6293.008
0.62312	6293.008
0.62808	6293.008
0.6324	6293.008
0.63622	6293.008
0.63965	6293.008
0.64466	6293.008
0.64779	6293.008
0.65483	6293.008
0.65826	6293.008
0.66144	6293.008
0.66573	6293.008
0.67287	6293.008
0.67633	6293.008
0.68078	6293.008
0.6842	6293.008
0.68758	6293.008
0.69184	6293.008
0.69515	6293.008
0.69939	6293.008
0.70261	6293.008
0.70684	6293.008
0.71018	6293.008
0.7149	6293.008
0.71856	6293.008
0.72217	6293.008
0.72538	6293.008
0.72953	6293.008
0.73312	6293.008
0.73712	6293.008
0.7406	6293.008
0.74478	6293.008
0.74792	6293.008
0.75279	6293.008
0.75685	6293.008
0.76012	6293.008
0.76556	6293.008
0.76886	6293.008
0.77343	6293.008
0.78013	6293.008
0.78772	6293.008
0.79212	6293.008
0.79681	6293.008
0.80028	6293.008
0.8043	6293.008
0.80774	6293.008
0.81169	6293.008
0.81666	6293.008
0.82062	6293.008
0.82439	6293.008
0.82787	6293.008
0.83209	6293.008
0.83614	6293.008
0.83961	6293.008
0.84306	6293.008
0.84714	6293.008
0.85106	6293.008
0.8552	6293.008
0.8595	6293.008
0.86292	6293.008
0.86697	6293.008
0.87039	6293.008
0.87461	6293.008
0.87801	6293.008
0.88144	6293.008
0.88474	6293.008
0.88867	6293.008
0.89321	6293.008
0.8979	6293.008
0.90365	6293.008
0.90719	6293.008
0.91036	6293.008
0.91377	6293.008
0.91708	6293.008
0.92101	6293.008
0.92483	6293.008
0.92896	6293.008
0.93304	6293.008
0.9364	6293.008
0.9397	6293.008
0.94372	6293.008
0.94794	6293.008
0.95379	6293.008
0.95909	6293.008
0.96316	6293.008
0.96715	6293.008
0.9703	6293.008
0.97342	6293.008
0.9773	6293.008
0.98289	6293.008
0.98705	6293.008
0.99015	6293.008
0.99339	6293.008
0.99728	6293.008
1.00143	6293.008
1.00581	6293.008
1.01382	6293.008
1.01678	6293.008
1.02088	6293.008
1.02488	6293.008
1.02819	6293.008
1.03299	6293.008
1.03738	6293.008
1.04096	6293.008
1.04464	6293.008
1.0482	6293.008
1.05228	6293.008
1.05634	6293.008
1.06017	6293.008
1.06468	6293.008
1.06861	6293.008
1.07238	6293.008
1.07642	6293.008
1.07988	6293.008
1.08287	6293.008
1.08685	6293.008
1.08989	6293.008
1.09282	6293.008
1.09619	6293.008
1.10023	6293.008
1.1041	6293.008
1.10795	6293.008
1.11587	6293.008
1.12032	6293.008
1.12421	6293.008
1.12754	6293.008
1.13085	6293.008
1.13388	6293.008
1.13787	6293.008
1.14138	6293.008
1.14546	6293.008
1.14877	6293.008
1.15317	6293.008
1.15706	6293.008
1.16086	6293.008
1.16494	6293.008
1.16867	6293.008
1.172	6293.008
1.17565	6293.008
1.17983	6293.008
1.18346	6293.008
1.18817	6293.008
1.19201	6293.008
1.19546	6293.008
1.19879	6293.008
1.20325	6293.008
1.20714	6293.008
1.21142	6293.008
1.21463	6293.008
1.21841	6293.008
1.22252	6293.008
1.22678	6293.008
1.23075	6293.008
1.23458	6293.008
1.23786	6293.008
1.24157	6293.008
1.24819	6293.008
1.25248	6293.008
1.25581	6293.008
1.2594	6293.008
1.26441	6293.008
1.26759	6293.008
1.27209	6293.008
1.27584	6293.008
1.27994	6293.008
1.28325	6293.008
1.28633	6293.008
1.28971	6293.008
1.29375	6293.008
1.29707	6293.008
1.30085	6293.008
1.30456	6293.008
1.30812	6293.008
1.31428	6293.008
1.31748	6293.008
1.32149	6293.008
1.32442	6293.008
1.32843	6293.008
1.33284	6293.008
1.33991	6293.008
1.34873	6293.008
1.353	6293.008
1.35621	6293.008
1.35958	6293.008
1.36399	6293.008
1.36793	6293.008
1.37129	6293.008
1.37583	6293.008
1.37901	6293.008
1.3832	6293.008
1.38618	6293.008
1.38949	6293.008
1.39291	6293.008
1.39655	6293.008
1.4005	6293.008
1.40396	6293.008
1.4071	6293.008
1.4104	6293.008
1.41348	6293.008
1.41717	6293.008
1.42277	6293.008
1.42674	6293.008
1.43091	6293.008
1.43379	6293.008
1.43707	6293.008
1.44068	6293.008
1.44421	6293.008
1.45022	6293.008
1.454	6293.008
1.458	6293.008
1.46122	6293.008
1.46472	6293.008
1.46871	6293.008
1.47204	6293.008
1.47655	6293.008
1.4808	6293.008
1.48428	6293.008
1.48923	6293.008
1.49429	6293.008
1.49746	6293.008
1.5005	6293.008
1.50389	6293.008
1.50803	6293.008
1.51191	6293.008
1.51545	6293.008
1.51837	6293.008
1.52162	6293.008
1.52474	6293.008
1.52886	6293.008
1.53186	6293.008
1.53613	6293.008
1.53953	6293.008
1.54229	6293.008
1.54555	6293.008
1.54858	6293.008
1.55206	6293.008
1.5562	6293.008
1.56115	6293.008
1.56752	6293.008
1.57134	6293.008
1.57488	6293.008
1.57889	6293.008
1.58247	6293.008
1.58662	6293.008
1.59003	6293.008
1.59357	6293.008
1.5975	6293.008
1.60094	6293.008
1.60481	6293.008
1.60887	6293.008
1.61284	6293.008
1.61719	6293.008
1.62048	6293.008
1.62429	6293.008
1.62792	6293.008
1.63217	6293.008
1.6355	6293.008
1.63878	6293.008
1.64275	6293.008
1.64574	6293.008
1.64922	6293.008
1.65309	6293.008
1.65725	6293.008
1.66063	6293.008
1.66656	6293.008
1.67231	6293.008
1.68036	6293.008
1.6843	6293.008
1.68842	6293.008
1.69218	6293.008
1.69592	6293.008
1.69975	6293.008
1.70347	6293.008
1.70643	6293.008
1.70982	6293.008
1.71293	6293.008
1.71755	6293.008
1.72129	6293.008
1.72545	6293.008
1.72869	6293.008
1.73196	6293.008
1.73616	6293.008
1.74006	6293.008
1.74368	6293.008
1.7483	6293.008
1.75282	6293.008
1.7565	6293.008
1.76412	6293.008
1.77182	6293.008
1.77993	6293.008
1.78602	6293.008
1.79126	6293.008
1.79524	6293.008
1.80039	6293.008
1.80391	6293.008
1.80752	6293.008
1.8118	6293.008
1.81541	6293.008
1.82171	6293.008
1.82518	6293.008
1.82979	6293.008
1.83389	6293.008
1.8372	6293.008
1.8407	6293.008
1.84712	6293.008
1.85115	6293.008
1.85727	6293.008
1.8654	6293.008
1.87105	6293.008
1.87937	6293.008
1.88643	6293.008
1.89377	6293.008
1.89826	6293.008
1.90618	6293.008
1.91198	6293.008
1.91708	6293.008
1.92143	6293.008
1.92753	6293.008
1.93097	6293.008
1.93418	6293.008
1.93753	6293.008
1.94088	6293.008
1.94421	6293.008
1.94807	6293.008
1.95583	6293.008
1.96259	6293.008
1.96676	6293.008
1.97247	6293.008
1.97678	6293.008
1.98073	6293.008
1.98488	6293.008
1.99317	6293.008
1.99753	6293.008
2.00233	6293.008
2.00765	6293.008
2.01994	6293.008
2.02348	6293.008
2.02662	6293.008
2.0307	6293.008
2.0338	6293.008
2.03726	6293.008
2.04132	6293.008
2.04475	6293.008
2.04864	6293.008
2.05265	6293.008
2.05686	6293.008
2.06016	6293.008
2.06422	6293.008
2.06808	6293.008
2.07232	6293.008
2.07601	6293.008
2.08047	6293.008
2.0841	6293.008
2.08874	6293.008
2.09209	6293.008
2.0976	6293.008
2.10131	6293.008
2.1051	6293.008
2.10902	6293.008
2.11329	6293.008
2.1183	6293.008
2.12834	6293.008
2.13262	6293.008
2.13727	6293.008
2.141	6293.008
2.14751	6293.008
2.15149	6293.008
2.15911	6293.008
2.16634	6293.008
2.1711	6293.008
2.17616	6293.008
2.17952	6293.008
2.18274	6293.008
2.1876	6293.008
2.19067	6293.008
2.19515	6293.008
2.20025	6293.008
2.20406	6293.008
2.20805	6293.008
2.2129	6293.008
2.22043	6293.008
2.23046	6293.008
2.23786	6293.008
2.24191	6293.008
2.24601	6293.008
2.25067	6293.008
2.25738	6293.008
2.26106	6293.008
2.26494	6293.008
2.26914	6293.008
2.27409	6293.008
2.27858	6293.008
2.28398	6293.008
2.28805	6293.008
2.29511	6293.008
2.30038	6293.008
2.30383	6293.008
2.30835	6293.008
2.31332	6293.008
2.31813	6293.008
2.32201	6293.008
2.32522	6293.008
2.32903	6293.008
2.33242	6293.008
2.33572	6293.008
2.33925	6293.008
2.34301	6293.008
2.34871	6293.008
2.35321	6293.008
2.35672	6293.008
2.36094	6293.008
2.36489	6293.008
2.36895	6293.008
2.37457	6293.008
2.37918	6293.008
2.38223	6293.008
2.38904	6293.008
2.39318	6293.008
2.39674	6293.008
2.40089	6293.008
2.40655	6293.008
2.41422	6293.008
2.42042	6293.008
2.42631	6293.008
2.43075	6293.008
2.43536	6293.008
2.43827	6293.008
2.44301	6293.008
2.4507	6293.008
2.46004	6293.008
2.46527	6293.008
2.47207	6293.008
2.47791	6293.008
2.48242	6293.008
2.48605	6293.008
2.49023	6293.008
2.49538	6293.008
2.49832	6293.008
2.50242	6293.008
2.50666	6293.008
2.50997	6293.008
2.51378	6293.008
2.51753	6293.008
2.52073	6293.008
2.52392	6293.008
2.52826	6293.008
2.53531	6293.008
2.53992	6293.008
2.5432	6293.008
2.54627	6293.008
2.54985	6293.008
2.55285	6293.008
2.55687	6293.008
2.56619	6293.008
2.5697	6293.008
2.57348	6293.008
2.57785	6293.008
2.5821	6293.008
2.58642	6293.008
2.59428	6293.008
2.60064	6293.008
2.60562	6293.008
2.61005	6293.008
2.61358	6293.008
2.61751	6293.008
2.62093	6293.008
2.62413	6293.008
2.62841	6293.008
2.63153	6293.008
2.63479	6293.008
2.63909	6293.008
2.64181	6293.008
2.6453	6293.008
2.64965	6293.008
2.65481	6293.008
2.6622	6293.008
2.66607	6293.008
2.6694	6293.008
2.67413	6293.008
2.67854	6293.008
2.68327	6293.008
2.68761	6293.008
2.6908	6293.008
2.69371	6293.008
2.69817	6293.008
2.7015	6293.008
2.70508	6293.008
2.70819	6293.008
2.71193	6293.008
2.71571	6293.008
2.71879	6293.008
2.72275	6293.008
2.72665	6293.008
2.73079	6293.008
2.73411	6293.008
2.73836	6293.008
2.7456	6293.008
2.74963	6293.008
2.75493	6293.008
2.76028	6293.008
2.76462	6293.008
2.7692	6293.008
2.77591	6293.008
2.78075	6293.008
2.78596	6293.008
2.78999	6293.008
2.79396	6293.008
2.79768	6293.008
2.80442	6293.008
2.81074	6293.008
2.81478	6293.008
2.82211	6293.008
2.82608	6293.008
2.82989	6293.008
2.83345	6293.008
2.83748	6293.008
2.84266	6293.008
2.84801	6293.008
2.85177	6293.008
2.85493	6293.008
2.85909	6293.008
2.86287	6293.008
2.86602	6293.008
2.87281	6293.008
2.88022	6293.008
2.88751	6293.008
2.89528	6293.008
2.90404	6293.008
2.90869	6293.008
2.91286	6293.008
2.91991	6293.008
2.92456	6293.008
2.92916	6293.008
2.93313	6293.008
2.94014	6293.008
2.94507	6293.008
2.95003	6293.008
2.95388	6293.008
2.95792	6293.008
2.96209	6293.008
2.96609	6293.008
2.97	6293.008
2.97561	6293.008
2.98038	6293.008
2.98747	6293.008
2.99263	6293.008
3.00044	6293.008
3.00657	6293.008
3.01183	6293.008
3.0166	6293.008
3.02168	6293.008
3.02592	6293.008
3.03087	6293.008
3.03713	6293.008
3.04149	6293.008
3.04584	6293.008
3.04996	6293.008
3.05387	6293.008
3.05773	6293.008
3.06409	6293.008
3.06953	6293.008
3.07419	6293.008
3.07869	6293.008
3.08322	6293.008
3.09092	6293.008
3.09838	6293.008
3.10444	6293.008
3.10977	6293.008
3.11455	6293.008
3.12041	6293.008
3.12441	6293.008
3.12844	6293.008
3.1331	6293.008
3.13684	6293.008
3.14196	6293.008
3.14627	6293.008
3.15206	6293.008
3.15818	6293.008
3.16273	6293.008
3.1674	6293.008
3.17127	6293.008
3.17551	6293.008
3.1803	6293.008
3.18392	6293.008
3.18985	6293.008
3.19403	6293.008
3.19787	6293.008
3.20195	6293.008
3.20594	6293.008
3.21227	6293.008
3.21818	6293.008
3.22474	6293.008
3.23008	6293.008
3.23537	6293.008
3.24022	6293.008
3.24531	6293.008
3.25015	6293.008
3.25496	6293.008
3.26017	6293.008
3.26499	6293.008
3.2701	6293.008
3.27409	6293.008
3.27779	6293.008
3.28181	6293.008
3.28662	6293.008
3.29222	6293.008
3.2967	6293.008
3.30095	6293.008
3.30522	6293.008
3.30915	6293.008
3.31282	6293.008
3.31867	6293.008
3.32337	6293.008
3.32715	6293.008
3.33085	6293.008
3.33605	6293.008
3.34307	6293.008
3.34809	6293.008
3.35193	6293.008
3.35646	6293.008
3.36208	6293.008
3.36841	6293.008
3.37268	6293.008
3.37734	6293.008
3.38121	6293.008
3.38585	6293.008
3.39045	6293.008
3.39522	6293.008
3.4	6293.008
3.40518	6293.008
3.409	6293.008
3.41272	6293.008
3.41667	6293.008
3.42161	6293.008
3.42578	6293.008
3.4299	6293.008
3.4338	6293.008
3.4378	6293.008
3.44171	6293.008
3.44576	6293.008
3.4496	6293.008
3.46374	6293.008
3.4712	6293.008
3.47842	6293.008
3.4835	6293.008
3.48875	6293.008
3.49574	6293.008
3.50031	6293.008
3.50479	6293.008
3.50924	6293.008
3.51271	6293.008
3.51653	6293.008
3.52028	6293.008
3.52532	6293.008
3.52904	6293.008
3.53349	6293.008
3.53722	6293.008
3.54242	6293.008
3.54619	6293.008
3.54989	6293.008
3.55324	6293.008
3.5579	6293.008
3.56537	6293.008
3.57232	6293.008
3.57563	6293.008
3.57916	6293.008
3.58357	6293.008
3.58755	6293.008
3.59124	6293.008
3.59479	6293.008
3.59868	6293.008
3.60272	6293.008
3.60689	6293.008
3.61023	6293.008
3.61389	6293.008
3.61687	6293.008
3.62116	6293.008
3.62509	6293.008
3.63204	6293.008
3.63928	6293.008
3.64276	6293.008
3.64637	6293.008
3.65039	6293.008
3.65413	6293.008
3.65729	6293.008
3.66066	6293.008
3.66411	6293.008
3.66817	6293.008
3.67174	6293.008
3.68695	6293.008
3.69266	6293.008
3.69868	6293.008
3.7024	6293.008
3.70679	6293.008
3.71068	6293.008
3.71368	6293.008
3.71717	6293.008
3.72107	6293.008
3.72551	6293.008
3.73086	6293.008
3.73405	6293.008
3.73748	6293.008
3.74124	6293.008
3.74508	6293.008
3.74871	6293.008
3.7521	6293.008
3.75569	6293.008
3.75891	6293.008
3.7619	6293.008
3.76523	6293.008
3.76946	6293.008
3.77271	6293.008
3.77673	6293.008
3.77986	6293.008
3.78375	6293.008
3.79134	6293.008
3.79613	6293.008
3.79976	6293.008
3.80352	6293.008
3.80698	6293.008
3.8114	6293.008
3.81591	6293.008
3.8195	6293.008
3.82296	6293.008
3.82681	6293.008
3.8308	6293.008
3.8347	6293.008
3.83857	6293.008
3.84285	6293.008
3.84684	6293.008
3.85166	6293.008
3.85636	6293.008
3.85984	6293.008
3.86323	6293.008
3.86694	6293.008
3.87027	6293.008
3.87333	6293.008
3.87746	6293.008
3.88085	6293.008
3.88469	6293.008
3.88961	6293.008
3.89254	6293.008
3.89823	6293.008
3.90191	6293.008
3.90547	6293.008
3.9087	6293.008
3.91204	6293.008
3.91616	6293.008
3.91972	6293.008
3.92325	6293.008
3.93023	6293.008
3.93863	6293.008
3.94444	6293.008
3.94965	6293.008
3.95351	6293.008
3.95744	6293.008
3.96409	6293.008
3.96858	6293.008
3.97191	6293.008
3.97564	6293.008
3.97915	6293.008
3.98225	6293.008
3.98558	6293.008
3.98889	6293.008
3.99212	6293.008
3.99605	6293.008
4.00027	6293.008
4.00467	6293.008
4.01253	6293.008
4.01602	6293.008
4.02192	6293.008
4.02502	6293.008
4.02858	6293.008
4.03239	6293.008
4.03606	6293.008
4.0392	6293.008
4.04264	6293.008
4.04666	6293.008
4.0503	6293.008
4.0535	6293.008
4.05662	6293.008
4.06315	6293.008
4.06674	6293.008
4.07112	6293.008
4.07467	6293.008
4.07943	6293.008
4.08256	6293.008
4.08659	6293.008
4.08933	6293.008
4.09302	6293.008
4.09646	6293.008
4.10008	6293.008
4.10361	6293.008
4.1064	6293.008
4.11036	6293.008
4.1138	6293.008
4.124	6293.008
4.12724	6293.008
4.13015	6293.008
4.13315	6293.008
4.1368	6293.008
4.14006	6293.008
4.14342	6293.008
4.14664	6293.008
4.14996	6293.008
4.15353	6293.008
4.15685	6293.008
4.16007	6293.008
4.16453	6293.008
4.16836	6293.008
4.17259	6293.008
4.17607	6293.008
4.18004	6293.008
4.18333	6293.008
4.18639	6293.008
4.19033	6293.008
4.1938	6293.008
4.19724	6293.008
4.2012	6293.008
4.20541	6293.008
4.21167	6293.008
4.21492	6293.008
4.21889	6293.008
4.22214	6293.008
4.22574	6293.008
4.22923	6293.008
4.23271	6293.008
4.23939	6293.008
4.24342	6293.008
4.247	6293.008
4.24998	6293.008
4.25304	6293.008
4.2565	6293.008
4.26155	6293.008
4.26747	6293.008
4.27383	6293.008
4.27696	6293.008
4.28096	6293.008
4.28524	6293.008
4.28968	6293.008
4.29345	6293.008
4.29636	6293.008
4.30284	6293.008
4.31026	6293.008
4.31591	6293.008
4.32068	6293.008
4.32526	6293.008
4.33205	6293.008
4.33605	6293.008
4.34251	6293.008
4.35133	6293.008
4.35524	6293.008
4.35906	6293.008
4.36239	6293.008
4.36588	6293.008
4.36996	6293.008
4.37355	6293.008
4.37965	6293.008
4.38302	6293.008
4.38621	6293.008
4.38947	6293.008
4.39284	6293.008
4.39609	6293.008
4.39997	6293.008
4.40364	6293.008
4.40708	6293.008
4.41139	6293.008
4.41476	6293.008
4.41878	6293.008
4.42222	6293.008
4.42545	6293.008
4.42933	6293.008
4.43344	6293.008
4.43694	6293.008
4.44106	6293.008
4.44497	6293.008
4.44903	6293.008
4.4544	6293.008
4.46071	6293.008
4.46418	6293.008
4.46753	6293.008
4.47089	6293.008
4.4741	6293.008
4.47712	6293.008
4.48065	6293.008
4.48403	6293.008
4.48737	6293.008
4.49165	6293.008
4.49512	6293.008
4.49864	6293.008
4.50266	6293.008
4.50663	6293.008
4.50972	6293.008
4.51285	6293.008
4.51614	6293.008
4.52014	6293.008
4.52407	6293.008
4.52792	6293.008
4.53207	6293.008
4.53832	6293.008
4.54471	6293.008
4.54816	6293.008
4.55314	6293.008
4.5564	6293.008
4.56019	6293.008
4.56885	6293.008
4.5729	6293.008
4.57623	6293.008
4.57997	6293.008
4.58387	6293.008
4.58699	6293.008
4.59032	6293.008
4.59313	6293.008
4.59679	6293.008
4.60022	6293.008
4.6035	6293.008
4.60667	6293.008
4.61054	6293.008
4.61353	6293.008
4.61668	6293.008
4.62077	6293.008
4.62467	6293.008
4.62811	6293.008
4.63241	6293.008
4.63565	6293.008
4.63883	6293.008
4.64229	6293.008
4.64552	6293.008
4.64873	6293.008
4.65484	6293.008
4.65828	6293.008
4.66195	6293.008
4.66537	6293.008
4.66892	6293.008
4.67335	6293.008
4.68094	6293.008
4.68676	6293.008
4.69022	6293.008
4.69412	6293.008
4.69712	6293.008
4.7004	6293.008
4.70375	6293.008
4.70715	6293.008
4.71059	6293.008
4.71407	6293.008
4.71739	6293.008
4.7207	6293.008
4.72504	6293.008
4.7285	6293.008
4.73261	6293.008
4.7358	6293.008
4.7402	6293.008
4.74413	6293.008
4.74827	6293.008
4.75206	6293.008
4.75539	6293.008
4.75982	6293.008
4.76338	6293.008
4.76658	6293.008
4.77	6293.008
4.77325	6293.008
4.77745	6293.008
4.78082	6293.008
4.78403	6293.008
4.7914	6293.008
4.79475	6293.008
4.79929	6293.008
4.80242	6293.008
4.80579	6293.008
4.80885	6293.008
4.81215	6293.008
4.81554	6293.008
4.8193	6293.008
4.82383	6293.008
4.82815	6293.008
4.83165	6293.008
4.83534	6293.008
4.83934	6293.008
4.84267	6293.008
4.84678	6293.008
4.85023	6293.008
4.85476	6293.008
4.85818	6293.008
4.8624	6293.008
4.86573	6293.008
4.86866	6293.008
4.87291	6293.008
4.87686	6293.008
4.88409	6293.008
4.89302	6293.008
4.89942	6293.008
4.90475	6293.008
4.90899	6293.008
4.91279	6293.008
4.91633	6293.008
4.92014	6293.008
4.92349	6293.008
4.92656	6293.008
4.92973	6293.008
4.93381	6293.008
4.93696	6293.008
4.94012	6293.008
4.94351	6293.008
4.94684	6293.008
4.95082	6293.008
4.95444	6293.008
4.95785	6293.008
4.9627	6293.008
4.96639	6293.008
4.96981	6293.008
4.97309	6293.008
4.97689	6293.008
4.98001	6293.008
4.98327	6293.008
4.98619	6293.008
4.98923	6293.008
4.99261	6293.008
4.99617	6293.008
4.99985	6293.008
5.00435	6293.008
5.01055	6293.008
5.01934	6293.008
5.02389	6293.008
5.02784	6293.008
5.03133	6293.008
5.03502	6293.008
5.03906	6293.008
5.04235	6293.008
5.04576	6293.008
5.05075	6293.008
5.05398	6293.008
5.05781	6293.008
5.06112	6293.008
5.06445	6293.008
5.06919	6293.008
5.07291	6293.008
5.07611	6293.008
5.08108	6293.008
5.08521	6293.008
5.08837	6293.008
5.09209	6293.008
5.09565	6293.008
5.09899	6293.008
5.10185	6293.008
5.10503	6293.008
5.10799	6293.008
5.11095	6293.008
5.11493	6293.008
5.1178	6293.008
5.1225	6293.008
5.13189	6293.008
5.13655	6293.008
5.14028	6293.008
5.1439	6293.008
5.14769	6293.008
5.1508	6293.008
5.15406	6293.008
5.15721	6293.008
5.16058	6293.008
5.16384	6293.008
5.16714	6293.008
5.17016	6293.008
5.17368	6293.008
5.17661	6293.008
5.17999	6293.008
5.18384	6293.008
5.18694	6293.008
5.19107	6293.008
5.19414	6293.008
5.19753	6293.008
5.20051	6293.008
5.20352	6293.008
5.2077	6293.008
5.2107	6293.008
5.21468	6293.008
5.21982	6293.008
5.22787	6293.008
5.23314	6293.008
5.23923	6293.008
5.24469	6293.008
5.24962	6293.008
5.25307	6293.008
5.25622	6293.008
5.25963	6293.008
5.26311	6293.008
5.26662	6293.008
5.27018	6293.008
5.27327	6293.008
5.27659	6293.008
5.28018	6293.008
5.28335	6293.008
5.28767	6293.008
5.29362	6293.008
5.29976	6293.008
5.30313	6293.008
5.30694	6293.008
5.31128	6293.008
5.3148	6293.008
5.31867	6293.008
5.3229	6293.008
5.32692	6293.008
5.33015	6293.008
5.33346	6293.008
5.33722	6293.008
5.34125	6293.008
5.34577	6293.008
5.35325	6293.008
5.35693	6293.008
5.36201	6293.008
5.36524	6293.008
5.36847	6293.008
5.37207	6293.008
5.37522	6293.008
5.37875	6293.008
5.38181	6293.008
5.38516	6293.008
5.38853	6293.008
5.39299	6293.008
5.3972	6293.008
5.40221	6293.008
5.40536	6293.008
5.40898	6293.008
5.41221	6293.008
5.41561	6293.008
5.42013	6293.008
5.42325	6293.008
5.42669	6293.008
5.43081	6293.008
5.4339	6293.008
5.43936	6293.008
5.443	6293.008
5.44701	6293.008
5.45042	6293.008
5.46074	6293.008
5.46424	6293.008
5.4687	6293.008
5.47307	6293.008
5.47644	6293.008
5.48001	6293.008
5.48369	6293.008
5.48681	6293.008
5.48977	6293.008
5.49329	6293.008
5.4974	6293.008
5.50087	6293.008
5.5069	6293.008
5.51026	6293.008
5.51382	6293.008
5.51708	6293.008
5.52233	6293.008
5.52834	6293.008
5.53381	6293.008
5.53748	6293.008
5.54355	6293.008
5.54807	6293.008
5.55279	6293.008
5.55812	6293.008
5.56136	6293.008
5.56463	6293.008
5.56892	6293.008
5.57619	6293.008
5.58136	6293.008
5.58514	6293.008
5.58853	6293.008
5.59324	6293.008
5.59687	6293.008
5.60048	6293.008
5.60435	6293.008
5.60805	6293.008
5.61194	6293.008
5.61559	6293.008
5.61874	6293.008
5.62281	6293.008
5.6277	6293.008
5.63122	6293.008
5.6359	6293.008
5.63954	6293.008
5.64278	6293.008
5.64697	6293.008
5.65004	6293.008
5.65332	6293.008
5.65686	6293.008
5.66097	6293.008
5.66597	6293.008
5.66925	6293.008
5.67217	6293.008
5.67767	6293.008
5.68102	6293.008
5.68553	6293.008
5.68954	6293.008
5.69321	6293.008
5.69676	6293.008
5.70021	6293.008
5.70428	6293.008
5.70848	6293.008
5.71209	6293.008
5.71565	6293.008
5.71905	6293.008
5.72312	6293.008
5.72685	6293.008
5.73058	6293.008
5.73399	6293.008
5.73734	6293.008
5.74066	6293.008
5.74434	6293.008
5.74828	6293.008
5.75186	6293.008
5.75593	6293.008
5.75925	6293.008
5.76226	6293.008
5.76573	6293.008
5.76862	6293.008
5.77269	6293.008
5.77674	6293.008
5.78051	6293.008
5.78444	6293.008
5.79107	6293.008
5.7954	6293.008
5.79971	6293.008
5.80326	6293.008
5.8063	6293.008
5.80959	6293.008
5.81256	6293.008
5.81628	6293.008
5.81989	6293.008
5.82361	6293.008
5.82696	6293.008
5.83062	6293.008
5.83401	6293.008
5.83715	6293.008
5.84088	6293.008
5.84494	6293.008
5.84835	6293.008
5.85155	6293.008
5.85663	6293.008
5.85996	6293.008
5.86444	6293.008
5.86777	6293.008
5.87125	6293.008
5.87548	6293.008
5.8819	6293.008
5.88526	6293.008
5.88924	6293.008
5.89321	6293.008
5.89706	6293.008
5.90278	6293.008
5.90654	6293.008
5.91038	6293.008
5.91376	6293.008
5.91688	6293.008
5.9202	6293.008
5.92479	6293.008
5.92926	6293.008
5.93251	6293.008
5.93699	6293.008
5.94115	6293.008
5.94523	6293.008
5.94954	6293.008
5.95359	6293.008
5.95701	6293.008
5.9615	6293.008
5.96655	6293.008
5.97161	6293.008
5.97629	6293.008
5.98065	6293.008
5.98558	6293.008
5.99287	6293.008
5.99649	6293.008
6.00229	6293.008
6.00678	6293.008
6.01395	6293.008
6.01777	6293.008
6.02261	6293.008
6.02776	6293.008
6.03349	6293.008
6.03858	6293.008
6.04262	6293.008
6.05092	6293.008
6.05693	6293.008
6.06182	6293.008
6.06688	6293.008
6.07074	6293.008
6.0746	6293.008
6.07833	6293.008
6.08156	6293.008
6.08589	6293.008
6.08947	6293.008
6.09242	6293.008
6.0958	6293.008
6.10038	6293.008
6.107	6293.008
6.11192	6293.008
6.11647	6293.008
6.12058	6293.008
6.12547	6293.008
6.13388	6293.008
6.13719	6293.008
6.14106	6293.008
6.14453	6293.008
6.14793	6293.008
6.15127	6293.008
6.15635	6293.008
6.16267	6293.008
6.169	6293.008
6.17367	6293.008
6.17733	6293.008
6.18086	6293.008
6.18512	6293.008
6.19382	6293.008
6.19806	6293.008
6.2017	6293.008
6.20521	6293.008
6.20983	6293.008
6.2138	6293.008
6.21707	6293.008
6.22089	6293.008
6.22465	6293.008
6.22851	6293.008
6.23386	6293.008
6.23717	6293.008
6.24427	6293.008
6.24831	6293.008
6.25158	6293.008
6.25548	6293.008
6.25972	6293.008
6.26367	6293.008
6.26714	6293.008
6.27042	6293.008
6.27597	6293.008
6.2808	6293.008
6.28432	6293.008
6.28896	6293.008
6.29424	6293.008
6.29873	6293.008
6.30275	6293.008
6.3082	6293.008
6.31158	6293.008
6.3144	6293.008
6.31839	6293.008
6.32368	6293.008
6.32982	6293.008
6.33588	6293.008
6.3409	6293.008
6.34661	6293.008
6.35226	6293.008
6.35667	6293.008
6.36278	6293.008
6.36943	6293.008
6.37536	6293.008
6.38018	6293.008
6.38413	6293.008
6.38822	6293.008
6.39189	6293.008
6.39591	6293.008
6.39933	6293.008
6.40416	6293.008
6.40852	6293.008
6.41161	6293.008
6.41465	6293.008
6.41871	6293.008
6.42175	6293.008
6.42525	6293.008
6.43025	6293.008
6.43597	6293.008
6.43969	6293.008
6.44457	6293.008
6.44932	6293.008
6.45346	6293.008
6.4579	6293.008
6.46137	6293.008
6.4661	6293.008
6.47038	6293.008
6.47337	6293.008
6.47734	6293.008
6.48057	6293.008
6.48443	6293.008
6.48863	6293.008
6.49322	6293.008
6.49648	6293.008
6.5004	6293.008
6.50369	6293.008
6.50872	6293.008
6.5121	6293.008
6.51605	6293.008
6.51949	6293.008
6.5225	6293.008
6.52672	6293.008
6.52984	6293.008
6.53363	6293.008
6.53653	6293.008
6.53987	6293.008
6.54283	6293.008
6.54761	6293.008
6.55043	6293.008
6.55463	6293.008
6.55759	6293.008
6.56099	6293.008
6.5642	6293.008
6.57137	6293.008
6.57638	6293.008
6.58069	6293.008
6.58493	6293.008
6.58897	6293.008
6.59331	6293.008
6.59698	6293.008
6.60138	6293.008
6.60495	6293.008
6.609	6293.008
6.61517	6293.008
6.62083	6293.008
6.62565	6293.008
6.62973	6293.008
6.63593	6293.008
6.64089	6293.008
6.6439	6293.008
6.64807	6293.008
6.65185	6293.008
6.65494	6293.008
6.65816	6293.008
6.66173	6293.008
6.66476	6293.008
6.66929	6293.008
6.67517	6293.008
6.68818	6293.008
6.69366	6293.008
6.69736	6293.008
6.70392	6293.008
6.70791	6293.008
6.71181	6293.008
6.71477	6293.008
6.71895	6293.008
6.72193	6293.008
6.72542	6293.008
6.72857	6293.008
6.73264	6293.008
6.73621	6293.008
6.74013	6293.008
6.74379	6293.008
6.74684	6293.008
6.75118	6293.008
6.75477	6293.008
6.75931	6293.008
6.7628	6293.008
6.76698	6293.008
6.77019	6293.008
6.77386	6293.008
6.77677	6293.008
6.78075	6293.008
6.785	6293.008
6.78985	6293.008
6.79352	6293.008
6.80318	6293.008
6.80627	6293.008
6.8102	6293.008
6.81394	6293.008
6.81826	6293.008
6.82308	6293.008
6.82816	6293.008
6.83197	6293.008
6.8361	6293.008
6.84006	6293.008
6.84298	6293.008
6.84726	6293.008
6.85229	6293.008
6.85558	6293.008
6.85849	6293.008
6.86256	6293.008
6.86652	6293.008
6.87102	6293.008
6.87412	6293.008
6.87771	6293.008
6.88406	6293.008
6.89014	6293.008
6.89441	6293.008
6.89935	6293.008
6.90631	6293.008
6.91185	6293.008
6.91503	6293.008
6.91823	6293.008
6.92252	6293.008
6.92748	6293.008
6.93096	6293.008
6.93621	6293.008
6.93948	6293.008
6.94261	6293.008
6.94758	6293.008
6.95059	6293.008
6.95546	6293.008
6.95819	6293.008
6.96246	6293.008
6.96604	6293.008
6.97064	6293.008
6.97468	6293.008
6.97783	6293.008
6.98453	6293.008
6.9912	6293.008
6.99611	6293.008
7.00129	6293.008
7.00682	6293.008
7.01224	6293.008
7.02189	6293.008
7.02564	6293.008
7.02943	6293.008
7.03298	6293.008
7.03688	6293.008
7.04006	6293.008
7.04395	6293.008
7.04742	6293.008
7.0509	6293.008
7.05718	6293.008
7.06368	6293.008
7.06682	6293.008
7.07014	6293.008
7.07388	6293.008
7.07749	6293.008
7.08045	6293.008
7.08464	6293.008
7.08797	6293.008
7.09079	6293.008
7.09512	6293.008
7.09833	6293.008
7.10176	6293.008
7.1084	6293.008
7.11172	6293.008
7.11755	6293.008
7.12153	6293.008
7.12875	6293.008
7.13427	6293.008
7.13722	6293.008
7.14085	6293.008
7.14439	6293.008
7.14833	6293.008
7.15165	6293.008
7.15466	6293.008
7.15906	6293.008
7.16247	6293.008
7.16663	6293.008
7.16957	6293.008
7.17349	6293.008
7.17735	6293.008
7.18157	6293.008
7.18478	6293.008
7.18884	6293.008
7.19236	6293.008
7.19627	6293.008
7.1999	6293.008
7.204	6293.008
7.20863	6293.008
7.21254	6293.008
7.21589	6293.008
7.21881	6293.008
7.22317	6293.008
7.22609	6293.008
7.2301	6293.008
7.23289	6293.008
7.2371	6293.008
7.24605	6293.008
7.2499	6293.008
7.25408	6293.008
7.25784	6293.008
7.26133	6293.008
7.26525	6293.008
7.2685	6293.008
7.27254	6293.008
7.276	6293.008
7.28084	6293.008
7.28539	6293.008
7.28867	6293.008
7.29269	6293.008
7.29605	6293.008
7.29991	6293.008
7.30319	6293.008
7.30632	6293.008
7.31069	6293.008
7.31495	6293.008
7.31786	6293.008
7.32132	6293.008
7.32423	6293.008
7.32814	6293.008
7.33528	6293.008
7.33846	6293.008
7.34278	6293.008
7.34607	6293.008
7.35019	6293.008
7.35629	6293.008
7.36029	6293.008
7.36345	6293.008
7.36631	6293.008
7.37057	6293.008
7.37472	6293.008
7.37762	6293.008
7.38069	6293.008
7.38399	6293.008
7.38847	6293.008
7.39266	6293.008
7.39705	6293.008
7.4019	6293.008
7.40515	6293.008
7.40922	6293.008
7.41259	6293.008
7.41657	6293.008
7.41978	6293.008
7.42269	6293.008
7.42713	6293.008
7.42998	6293.008
7.43671	6293.008
7.44084	6293.008
7.44491	6293.008
7.45091	6293.008
7.45402	6293.008
7.45809	6293.008
7.4614	6293.008
7.46785	6293.008
7.47074	6293.008
7.4749	6293.008
7.47791	6293.008
7.48131	6293.008
7.48424	6293.008
7.48871	6293.008
7.49206	6293.008
7.49597	6293.008
7.49953	6293.008
7.50249	6293.008
7.50658	6293.008
7.50959	6293.008
7.51292	6293.008
7.51612	6293.008
7.52037	6293.008
7.52413	6293.008
7.52809	6293.008
7.53201	6293.008
7.53477	6293.008
7.53891	6293.008
7.54449	6293.008
7.54832	6293.008
7.55317	6293.008
7.55698	6293.008
7.56092	6293.008
7.56491	6293.008
7.56871	6293.008
7.57618	6293.008
7.57961	6293.008
7.58259	6293.008
7.5866	6293.008
7.58949	6293.008
7.59411	6293.008
7.59708	6293.008
7.60124	6293.008
7.60468	6293.008
7.60941	6293.008
7.61241	6293.008
7.61637	6293.008
7.61961	6293.008
7.62262	6293.008
7.62685	6293.008
7.62975	6293.008
7.63353	6293.008
7.63689	6293.008
7.64091	6293.008
7.6441	6293.008
7.64825	6293.008
7.65184	6293.008
7.65492	6293.008
7.65951	6293.008
7.664	6293.008
7.66737	6293.008
7.67046	6293.008
7.67464	6293.008
7.67751	6293.008
7.68208	6293.008
7.68845	6293.008
7.69165	6293.008
7.69475	6293.008
7.69881	6293.008
7.70165	6293.008
7.70478	6293.008
7.7078	6293.008
7.71069	6293.008
7.71539	6293.008
7.71885	6293.008
7.72343	6293.008
7.72662	6293.008
7.73102	6293.008
7.73479	6293.008
7.74111	6293.008
7.74843	6293.008
7.75444	6293.008
7.75812	6293.008
7.7624	6293.008
7.76667	6293.008
7.76972	6293.008
7.77665	6293.008
7.78034	6293.008
7.78529	6293.008
7.7894	6293.008
7.79733	6293.008
7.80087	6293.008
7.80472	6293.008
7.80871	6293.008
7.81314	6293.008
7.81696	6293.008
7.82096	6293.008
7.82467	6293.008
7.82819	6293.008
7.83132	6293.008
7.83454	6293.008
7.83786	6293.008
7.8419	6293.008
7.84884	6293.008
7.85214	6293.008
7.85604	6293.008
7.86062	6293.008
7.86427	6293.008
7.86732	6293.008
7.87083	6293.008
7.87424	6293.008
7.87728	6293.008
7.8804	6293.008
7.8832	6293.008
7.8888	6293.008
7.89632	6293.008
7.90071	6293.008
7.90437	6293.008
7.91221	6293.008
7.91555	6293.008
7.91967	6293.008
7.92291	6293.008
7.92704	6293.008
7.93	6293.008
7.93323	6293.008
7.9361	6293.008
7.94003	6293.008
7.94366	6293.008
7.94661	6293.008
7.9502	6293.008
7.95364	6293.008
7.9577	6293.008
7.96093	6293.008
7.96509	6293.008
7.96855	6293.008
7.97257	6293.008
7.97613	6293.008
7.98052	6293.008
7.98571	6293.008
7.98919	6293.008
7.99235	6293.008
7.99642	6293.008
8.00068	6293.008
8.00486	6293.008
8.00843	6293.008
8.01553	6293.008
8.02147	6293.008
8.025	6293.008
8.02928	6293.008
8.03248	6293.008
8.0366	6293.008
8.03974	6293.008
8.04262	6293.008
8.04674	6293.008
8.0499	6293.008
8.05455	6293.008
8.0579	6293.008
8.0617	6293.008
8.06814	6293.008
8.07197	6293.008
8.07543	6293.008
8.07945	6293.008
8.08264	6293.008
8.0856	6293.008
8.09167	6293.008
8.09732	6293.008
8.102	6293.008
8.10634	6293.008
8.11006	6293.008
8.11391	6293.008
8.11712	6293.008
8.12238	6293.008
8.13127	6293.008
8.13607	6293.008
8.14024	6293.008
8.1439	6293.008
8.14797	6293.008
8.15152	6293.008
8.15467	6293.008
8.15924	6293.008
8.16237	6293.008
8.16688	6293.008
8.17063	6293.008
8.17533	6293.008
8.18065	6293.008
8.18838	6293.008
8.19239	6293.008
8.19834	6293.008
8.20437	6293.008
8.20836	6293.008
8.21254	6293.008
8.21638	6293.008
8.22039	6293.008
8.2263	6293.008
8.23198	6293.008
8.237	6293.008
8.24646	6293.008
8.25042	6293.008
8.25558	6293.008
8.26043	6293.008
8.26573	6293.008
8.27265	6293.008
8.27676	6293.008
8.28017	6293.008
8.28438	6293.008
8.28803	6293.008
8.29245	6293.008
8.29579	6293.008
8.29874	6293.008
8.30291	6293.008
8.30717	6293.008
8.31006	6293.008
8.31411	6293.008
8.31817	6293.008
8.32152	6293.008
8.32453	6293.008
8.32941	6293.008
8.33258	6293.008
8.33826	6293.008
8.34175	6293.008
8.34552	6293.008
8.349	6293.008
8.35379	6293.008
8.35884	6293.008
8.36337	6293.008
8.36689	6293.008
8.37168	6293.008
8.37461	6293.008
8.37919	6293.008
8.38231	6293.008
8.38736	6293.008
8.39039	6293.008
8.40047	6293.008
8.40719	6293.008
8.41306	6293.008
8.41922	6293.008
8.42498	6293.008
8.4287	6293.008
8.43417	6293.008
8.43817	6293.008
8.44186	6293.008
8.44538	6293.008
8.45114	6293.008
8.45442	6293.008
8.46344	6293.008
8.46681	6293.008
8.471	6293.008
8.47484	6293.008
8.47858	6293.008
8.48233	6293.008
8.48562	6293.008
8.48875	6293.008
8.49165	6293.008
8.49465	6293.008
8.49832	6293.008
8.50153	6293.008
8.50475	6293.008
8.50767	6293.008
8.51092	6293.008
8.51418	6293.008
8.51799	6293.008
8.52152	6293.008
8.52463	6293.008
8.52768	6293.008
8.53186	6293.008
8.53479	6293.008
8.53852	6293.008
8.54147	6293.008
8.54589	6293.008
8.55044	6293.008
8.55353	6293.008
8.55653	6293.008
8.5601	6293.008
8.56444	6293.008
8.56775	6293.008
8.57499	6293.008
8.57891	6293.008
8.58216	6293.008
8.58547	6293.008
8.58853	6293.008
8.59273	6293.008
8.59872	6293.008
8.60499	6293.008
8.60908	6293.008
8.61317	6293.008
8.61724	6293.008
8.62054	6293.008
8.62486	6293.008
8.6288	6293.008
8.63289	6293.008
8.63999	6293.008
8.64528	6293.008
8.6518	6293.008
8.65691	6293.008
8.66079	6293.008
8.66516	6293.008
8.66845	6293.008
8.67485	6293.008
8.68007	6293.008
8.68354	6293.008
8.68904	6293.008
8.69264	6293.008
8.69682	6293.008
8.70063	6293.008
8.70478	6293.008
8.70848	6293.008
8.71298	6293.008
8.71992	6293.008
8.72702	6293.008
8.7311	6293.008
8.73579	6293.008
8.7405	6293.008
8.74533	6293.008
8.75205	6293.008
8.75803	6293.008
8.7642	6293.008
8.76811	6293.008
8.77491	6293.008
8.78168	6293.008
8.78874	6293.008
8.79604	6293.008
8.80516	6293.008
8.8101	6293.008
8.8146	6293.008
8.81884	6293.008
8.82249	6293.008
8.82616	6293.008
8.83082	6293.008
8.83501	6293.008
8.84013	6293.008
8.84482	6293.008
8.84898	6293.008
8.85283	6293.008
8.85725	6293.008
8.86144	6293.008
8.86508	6293.008
8.87204	6293.008
8.87622	6293.008
8.88059	6293.008
8.8851	6293.008
8.88894	6293.008
8.893	6293.008
8.89678	6293.008
8.90157	6293.008
8.90819	6293.008
8.91225	6293.008
8.91716	6293.008
8.92109	6293.008
8.9249	6293.008
8.92882	6293.008
8.93246	6293.008
8.93595	6293.008
8.93995	6293.008
8.94359	6293.008
8.94763	6293.008
8.95151	6293.008
8.95574	6293.008
8.96033	6293.008
8.96476	6293.008
8.97039	6293.008
8.97572	6293.008
8.97935	6293.008
8.98453	6293.008
8.98875	6293.008
8.99364	6293.008
8.99812	6293.008
9.00259	6293.008
9.00795	6293.008
9.012	6293.008
9.01691	6293.008
9.02128	6293.008
9.02506	6293.008
9.02932	6293.008
9.03464	6293.008
9.03947	6293.008
9.04339	6293.008
9.04725	6293.008
9.05085	6293.008
9.05472	6293.008
9.06114	6293.008
9.06833	6293.008
9.07332	6293.008
9.07751	6293.008
9.08182	6293.008
9.08591	6293.008
9.08969	6293.008
9.09382	6293.008
9.09775	6293.008
9.10392	6293.008
9.10861	6293.008
9.11232	6293.008
9.11624	6293.008
9.12026	6293.008
9.12435	6293.008
9.12844	6293.008
9.13605	6293.008
9.14088	6293.008
9.14787	6293.008
9.1541	6293.008
9.15932	6293.008
9.16394	6293.008
9.16866	6293.008
9.17386	6293.008
9.17798	6293.008
9.18203	6293.008
9.18619	6293.008
9.19064	6293.008
9.19426	6293.008
9.19902	6293.008
9.20451	6293.008
9.20959	6293.008
9.21687	6293.008
9.22298	6293.008
9.23117	6293.008
9.23597	6293.008
9.24411	6293.008
9.24872	6293.008
9.2527	6293.008
9.25661	6293.008
9.26251	6293.008
9.2692	6293.008
9.27441	6293.008
9.27929	6293.008
9.28406	6293.008
9.28924	6293.008
9.29386	6293.008
9.29825	6293.008
9.30438	6293.008
9.30931	6293.008
9.31669	6293.008
9.32351	6293.008
9.32945	6293.008
9.33366	6293.008
9.33827	6293.008
9.34488	6293.008
9.35159	6293.008
9.35701	6293.008
9.3629	6293.008
9.36835	6293.008
9.3722	6293.008
9.37608	6293.008
9.38083	6293.008
9.3863	6293.008
9.39102	6293.008
9.3988	6293.008
9.40273	6293.008
9.40841	6293.008
9.41228	6293.008
9.41652	6293.008
9.42088	6293.008
9.42575	6293.008
9.42972	6293.008
9.43369	6293.008
9.43723	6293.008
9.44096	6293.008
9.4453	6293.008
9.44909	6293.008
9.45318	6293.008
9.45691	6293.008
9.46272	6293.008
9.46669	6293.008
9.47389	6293.008
9.47915	6293.008
9.48362	6293.008
9.48777	6293.008
9.49133	6293.008
9.49534	6293.008
9.49947	6293.008
9.50343	6293.008
9.50729	6293.008
9.51188	6293.008
9.51653	6293.008
9.52061	6293.008
9.52486	6293.008
9.52894	6293.008
9.53322	6293.008
9.53685	6293.008
9.54137	6293.008
9.54617	6293.008
9.55	6293.008
9.55363	6293.008
9.55798	6293.008
9.56187	6293.008
9.56607	6293.008
9.56954	6293.008
9.57895	6293.008
9.58289	6293.008
9.58736	6293.008
9.59209	6293.008
9.59591	6293.008
9.60001	6293.008
9.60363	6293.008
9.60797	6293.008
9.61169	6293.008
9.61611	6293.008
9.61968	6293.008
9.62319	6293.008
9.62771	6293.008
9.63173	6293.008
9.63695	6293.008
9.64064	6293.008
9.64475	6293.008
9.64868	6293.008
9.6529	6293.008
9.65644	6293.008
9.66008	6293.008
9.66545	6293.008
9.67161	6293.008
9.67604	6293.008
9.67968	6293.008
9.68341	6293.008
9.6876	6293.008
9.6931	6293.008
9.69935	6293.008
9.70418	6293.008
9.70806	6293.008
9.71157	6293.008
9.71637	6293.008
9.72018	6293.008
9.72381	6293.008
9.72785	6293.008
9.73267	6293.008
9.73887	6293.008
9.74433	6293.008
9.74917	6293.008
9.75321	6293.008
9.75788	6293.008
9.76207	6293.008
9.76624	6293.008
9.77304	6293.008
9.77715	6293.008
9.78133	6293.008
9.78575	6293.008
9.79054	6293.008
9.79717	6293.008
9.80465	6293.008
9.80927	6293.008
9.81327	6293.008
9.81704	6293.008
9.82103	6293.008
9.82503	6293.008
9.82921	6293.008
9.83294	6293.008
9.83721	6293.008
9.84092	6293.008
9.8489	6293.008
9.8536	6293.008
9.85812	6293.008
9.86199	6293.008
9.86593	6293.008
9.86965	6293.008
9.87386	6293.008
9.87997	6293.008
9.88635	6293.008
9.8919	6293.008
9.89789	6293.008
9.90276	6293.008
9.90827	6293.008
9.91269	6293.008
9.91972	6293.008
9.92588	6293.008
9.93008	6293.008
9.93458	6293.008
9.93915	6293.008
9.94348	6293.008
9.94772	6293.008
9.95219	6293.008
9.95636	6293.008
9.96126	6293.008
9.96552	6293.008
9.97209	6293.008
9.97853	6293.008
9.98244	6293.008
9.9876	6293.008
9.99286	6293.008
9.99805	6293.008
