0	515.488
0.00448	515.488
0.00793	515.488
0.01207	515.488
0.01523	515.488
0.01956	515.488
0.02364	515.488
0.02737	515.488
0.03066	515.488
0.03429	515.488
0.03836	515.488
0.04204	515.488
0.04615	515.488
0.04999	515.488
0.05392	515.488
0.05791	515.488
0.06132	515.488
0.06542	515.488
0.06897	515.488
0.07208	515.488
0.07619	515.488
0.07948	515.488
0.08323	515.488
0.08714	515.488
0.09169	515.488
0.09591	515.488
0.09906	515.488
0.10284	515.488
0.10953	515.488
0.11363	515.488
0.1171	515.488
0.12035	515.488
0.12391	515.488
0.12731	515.488
0.13089	515.488
0.13407	515.488
0.13816	515.488
0.14153	515.488
0.14623	515.488
0.14979	515.488
0.15363	515.488
0.15766	515.488
0.16108	515.488
0.16531	515.488
0.16969	515.488
0.17303	515.488
0.17616	515.488
0.18039	515.488
0.18356	515.488
0.18755	515.488
0.19121	515.488
0.19493	515.488
0.1991	515.488
0.20245	515.488
0.20595	515.488
0.20971	515.488
0.21335	515.488
0.21754	515.488
0.22113	515.488
0.22527	515.488
0.22852	515.488
0.23198	515.488
0.2357	515.488
0.2391	515.488
0.24257	515.488
0.24564	515.488
0.24953	515.488
0.25278	515.488
0.256	515.488
0.26008	515.488
0.2632	515.488
0.26693	515.488
0.27345	515.488
0.27718	515.488
0.28077	515.488
0.28442	515.488
0.28796	515.488
0.29154	515.488
0.29508	515.488
0.3014	515.488
0.30539	515.488
0.30897	515.488
0.3122	515.488
0.31547	515.488
0.31979	515.488
0.32306	515.488
0.32709	515.488
0.33083	515.488
0.33467	515.488
0.33807	515.488
0.34243	515.488
0.34584	515.488
0.34974	515.488
0.35303	515.488
0.3562	515.488
0.36037	515.488
0.36355	515.488
0.36766	515.488
0.37285	515.488
0.37628	515.488
0.38015	515.488
0.38358	515.488
0.3871	515.488
0.39074	515.488
0.39422	515.488
0.39788	515.488
0.40176	515.488
0.40537	515.488
0.41028	515.488
0.41408	515.488
0.41805	515.488
0.4215	515.488
0.42498	515.488
0.42906	515.488
0.43229	515.488
0.43648	515.488
0.43994	515.488
0.44406	515.488
0.44723	515.488
0.45069	515.488
0.45389	515.488
0.45794	515.488
0.46212	515.488
0.46577	515.488
0.47019	515.488
0.474	515.488
0.47784	515.488
0.48102	515.488
0.48495	515.488
0.48899	515.488
0.49251	515.488
0.49576	515.488
0.50006	515.488
0.50323	515.488
0.50668	515.488
0.51092	515.488
0.51456	515.488
0.51872	515.488
0.5222	515.488
0.52641	515.488
0.53004	515.488
0.53399	515.488
0.53796	515.488
0.54221	515.488
0.54575	515.488
0.54994	515.488
0.55418	515.488
0.55831	515.488
0.56173	515.488
0.565	515.488
0.56946	515.488
0.57276	515.488
0.57711	515.488
0.58048	515.488
0.58376	515.488
0.58764	515.488
0.5908	515.488
0.59486	515.488
0.59831	515.488
0.60264	515.488
0.60614	515.488
0.61024	515.488
0.61364	515.488
0.61789	515.488
0.62532	515.488
0.62875	515.488
0.63214	515.488
0.63524	515.488
0.6388	515.488
0.64267	515.488
0.64588	515.488
0.64972	515.488
0.65366	515.488
0.65692	515.488
0.66008	515.488
0.66412	515.488
0.66729	515.488
0.67143	515.488
0.67459	515.488
0.67876	515.488
0.68209	515.488
0.68646	515.488
0.68983	515.488
0.69376	515.488
0.69716	515.488
0.70174	515.488
0.7051	515.488
0.70925	515.488
0.71255	515.488
0.71586	515.488
0.71995	515.488
0.72312	515.488
0.72663	515.488
0.73003	515.488
0.73649	515.488
0.74146	515.488
0.74472	515.488
0.74783	515.488
0.75189	515.488
0.75507	515.488
0.75855	515.488
0.76179	515.488
0.76585	515.488
0.76915	515.488
0.77374	515.488
0.77713	515.488
0.78026	515.488
0.78437	515.488
0.78748	515.488
0.79092	515.488
0.79404	515.488
0.79809	515.488
0.80148	515.488
0.80561	515.488
0.80896	515.488
0.81217	515.488
0.81699	515.488
0.82024	515.488
0.82362	515.488
0.82786	515.488
0.83107	515.488
0.83451	515.488
0.83843	515.488
0.84184	515.488
0.84643	515.488
0.85	515.488
0.85413	515.488
0.85836	515.488
0.86196	515.488
0.86576	515.488
0.86918	515.488
0.87337	515.488
0.87684	515.488
0.87993	515.488
0.88421	515.488
0.88773	515.488
0.89197	515.488
0.89517	515.488
0.8986	515.488
0.90194	515.488
0.90553	515.488
0.90984	515.488
0.9132	515.488
0.91718	515.488
0.9215	515.488
0.92479	515.488
0.92821	515.488
0.9324	515.488
0.93576	515.488
0.94009	515.488
0.94343	515.488
0.94715	515.488
0.95113	515.488
0.95469	515.488
0.95867	515.488
0.96194	515.488
0.96603	515.488
0.97027	515.488
0.97378	515.488
0.97764	515.488
0.98102	515.488
0.98512	515.488
0.98949	515.488
0.99362	515.488
0.99711	515.488
1.00104	515.488
1.00463	515.488
1.00831	515.488
1.01223	515.488
1.01562	515.488
1.01976	515.488
1.02399	515.488
1.02731	515.488
1.03069	515.488
1.03387	515.488
1.03787	515.488
1.04132	515.488
1.04451	515.488
1.04895	515.488
1.05345	515.488
1.05696	515.488
1.06096	515.488
1.06406	515.488
1.06818	515.488
1.07127	515.488
1.07468	515.488
1.07855	515.488
1.08232	515.488
1.08735	515.488
1.09066	515.488
1.09482	515.488
1.09854	515.488
1.1026	515.488
1.10589	515.488
1.10983	515.488
1.11385	515.488
1.11794	515.488
1.12125	515.488
1.12449	515.488
1.12856	515.488
1.13175	515.488
1.13595	515.488
1.13899	515.488
1.14297	515.488
1.14628	515.488
1.15034	515.488
1.15387	515.488
1.157	515.488
1.1612	515.488
1.1652	515.488
1.16984	515.488
1.17385	515.488
1.17712	515.488
1.18022	515.488
1.18358	515.488
1.18695	515.488
1.19098	515.488
1.19434	515.488
1.19762	515.488
1.20194	515.488
1.20516	515.488
1.20938	515.488
1.21274	515.488
1.21699	515.488
1.22019	515.488
1.22353	515.488
1.22748	515.488
1.23152	515.488
1.23498	515.488
1.24097	515.488
1.24418	515.488
1.24805	515.488
1.2517	515.488
1.25552	515.488
1.25939	515.488
1.26301	515.488
1.26647	515.488
1.27097	515.488
1.27464	515.488
1.27863	515.488
1.28187	515.488
1.28587	515.488
1.28933	515.488
1.29361	515.488
1.29772	515.488
1.30113	515.488
1.30525	515.488
1.30874	515.488
1.31187	515.488
1.3161	515.488
1.31918	515.488
1.32267	515.488
1.32647	515.488
1.32995	515.488
1.33394	515.488
1.33812	515.488
1.34159	515.488
1.34637	515.488
1.3506	515.488
1.35396	515.488
1.3572	515.488
1.36159	515.488
1.36497	515.488
1.36829	515.488
1.37221	515.488
1.37542	515.488
1.3823	515.488
1.3861	515.488
1.38947	515.488
1.39276	515.488
1.39651	515.488
1.39965	515.488
1.40346	515.488
1.4067	515.488
1.41082	515.488
1.41408	515.488
1.41795	515.488
1.42129	515.488
1.42616	515.488
1.42944	515.488
1.4342	515.488
1.43767	515.488
1.44148	515.488
1.44477	515.488
1.44778	515.488
1.45117	515.488
1.45462	515.488
1.45816	515.488
1.46207	515.488
1.46666	515.488
1.47007	515.488
1.47405	515.488
1.47742	515.488
1.4823	515.488
1.48579	515.488
1.49099	515.488
1.49448	515.488
1.49844	515.488
1.50172	515.488
1.50565	515.488
1.50899	515.488
1.51213	515.488
1.51629	515.488
1.51974	515.488
1.52479	515.488
1.52819	515.488
1.53207	515.488
1.53538	515.488
1.539	515.488
1.54221	515.488
1.54621	515.488
1.54986	515.488
1.55317	515.488
1.55742	515.488
1.56092	515.488
1.56515	515.488
1.56937	515.488
1.57292	515.488
1.57621	515.488
1.58113	515.488
1.58703	515.488
1.59062	515.488
1.59422	515.488
1.59775	515.488
1.60175	515.488
1.60593	515.488
1.61029	515.488
1.61485	515.488
1.62061	515.488
1.62564	515.488
1.62964	515.488
1.63453	515.488
1.63817	515.488
1.64187	515.488
1.646	515.488
1.65043	515.488
1.65419	515.488
1.65825	515.488
1.66188	515.488
1.66615	515.488
1.67009	515.488
1.6745	515.488
1.67926	515.488
1.68276	515.488
1.68671	515.488
1.69052	515.488
1.69438	515.488
1.69872	515.488
1.70253	515.488
1.7066	515.488
1.71136	515.488
1.71471	515.488
1.71809	515.488
1.72275	515.488
1.72713	515.488
1.73249	515.488
1.73569	515.488
1.73989	515.488
1.74443	515.488
1.74802	515.488
1.75127	515.488
1.75463	515.488
1.76134	515.488
1.76564	515.488
1.76956	515.488
1.77549	515.488
1.77935	515.488
1.78374	515.488
1.78789	515.488
1.79261	515.488
1.79721	515.488
1.8013	515.488
1.80514	515.488
1.80876	515.488
1.81267	515.488
1.81702	515.488
1.82113	515.488
1.82623	515.488
1.83094	515.488
1.83554	515.488
1.84115	515.488
1.84516	515.488
1.84912	515.488
1.85323	515.488
1.85705	515.488
1.86287	515.488
1.86733	515.488
1.8711	515.488
1.87455	515.488
1.87882	515.488
1.8855	515.488
1.88925	515.488
1.89335	515.488
1.89722	515.488
1.90101	515.488
1.90471	515.488
1.90887	515.488
1.91287	515.488
1.91693	515.488
1.92051	515.488
1.92389	515.488
1.92742	515.488
1.9317	515.488
1.93545	515.488
1.9385	515.488
1.9422	515.488
1.94773	515.488
1.95212	515.488
1.9556	515.488
1.95897	515.488
1.96494	515.488
1.96906	515.488
1.97293	515.488
1.97712	515.488
1.98121	515.488
1.98488	515.488
1.98856	515.488
1.99263	515.488
1.99618	515.488
2.0001	515.488
2.00536	515.488
2.01047	515.488
2.01499	515.488
2.01839	515.488
2.02185	515.488
2.02794	515.488
2.03336	515.488
2.03692	515.488
2.04055	515.488
2.04396	515.488
2.04836	515.488
2.05173	515.488
2.05766	515.488
2.06182	515.488
2.06513	515.488
2.06864	515.488
2.07394	515.488
2.07735	515.488
2.08302	515.488
2.08748	515.488
2.09087	515.488
2.09488	515.488
2.09872	515.488
2.10235	515.488
2.10621	515.488
2.10955	515.488
2.11344	515.488
2.11761	515.488
2.12163	515.488
2.12515	515.488
2.12835	515.488
2.13248	515.488
2.13655	515.488
2.14021	515.488
2.14503	515.488
2.14915	515.488
2.15306	515.488
2.15717	515.488
2.16108	515.488
2.16723	515.488
2.17099	515.488
2.17599	515.488
2.17941	515.488
2.18312	515.488
2.18662	515.488
2.19055	515.488
2.19395	515.488
2.19781	515.488
2.20106	515.488
2.20421	515.488
2.20844	515.488
2.2116	515.488
2.21562	515.488
2.21869	515.488
2.22273	515.488
2.22598	515.488
2.23112	515.488
2.23476	515.488
2.23861	515.488
2.242	515.488
2.24597	515.488
2.24951	515.488
2.25439	515.488
2.25789	515.488
2.26189	515.488
2.26523	515.488
2.26912	515.488
2.2723	515.488
2.27643	515.488
2.27993	515.488
2.28432	515.488
2.28768	515.488
2.29185	515.488
2.29508	515.488
2.29904	515.488
2.30331	515.488
2.30723	515.488
2.3105	515.488
2.3154	515.488
2.31847	515.488
2.3225	515.488
2.32653	515.488
2.32985	515.488
2.33381	515.488
2.33756	515.488
2.34171	515.488
2.34505	515.488
2.34839	515.488
2.35242	515.488
2.35553	515.488
2.35956	515.488
2.36373	515.488
2.36763	515.488
2.37083	515.488
2.37485	515.488
2.37826	515.488
2.38247	515.488
2.38831	515.488
2.39166	515.488
2.39591	515.488
2.39918	515.488
2.4025	515.488
2.40563	515.488
2.40978	515.488
2.41319	515.488
2.41716	515.488
2.42064	515.488
2.42479	515.488
2.43015	515.488
2.43371	515.488
2.43781	515.488
2.44194	515.488
2.44543	515.488
2.44968	515.488
2.45303	515.488
2.45797	515.488
2.46125	515.488
2.46531	515.488
2.4687	515.488
2.47199	515.488
2.47613	515.488
2.47931	515.488
2.48311	515.488
2.48642	515.488
2.49063	515.488
2.49408	515.488
2.49798	515.488
2.50216	515.488
2.50595	515.488
2.50898	515.488
2.5129	515.488
2.51624	515.488
2.52029	515.488
2.52387	515.488
2.52788	515.488
2.53114	515.488
2.53515	515.488
2.53877	515.488
2.54483	515.488
2.54895	515.488
2.55241	515.488
2.55539	515.488
2.55887	515.488
2.56213	515.488
2.56551	515.488
2.56965	515.488
2.57297	515.488
2.57615	515.488
2.58026	515.488
2.58346	515.488
2.58763	515.488
2.59411	515.488
2.59765	515.488
2.60104	515.488
2.60405	515.488
2.60776	515.488
2.61148	515.488
2.61474	515.488
2.61843	515.488
2.62193	515.488
2.62685	515.488
2.63027	515.488
2.63413	515.488
2.63756	515.488
2.64166	515.488
2.64508	515.488
2.64963	515.488
2.6536	515.488
2.65857	515.488
2.66182	515.488
2.66579	515.488
2.66918	515.488
2.67376	515.488
2.67716	515.488
2.68162	515.488
2.68488	515.488
2.68801	515.488
2.69203	515.488
2.69549	515.488
2.69897	515.488
2.70356	515.488
2.70694	515.488
2.71066	515.488
2.71386	515.488
2.71779	515.488
2.72124	515.488
2.72515	515.488
2.72875	515.488
2.73188	515.488
2.73599	515.488
2.73915	515.488
2.74299	515.488
2.74643	515.488
2.75142	515.488
2.75478	515.488
2.75867	515.488
2.76209	515.488
2.76648	515.488
2.77037	515.488
2.77498	515.488
2.77893	515.488
2.78211	515.488
2.7852	515.488
2.78935	515.488
2.79325	515.488
2.79643	515.488
2.80055	515.488
2.80399	515.488
2.80825	515.488
2.8114	515.488
2.81497	515.488
2.81904	515.488
2.82526	515.488
2.82907	515.488
2.83241	515.488
2.83556	515.488
2.83898	515.488
2.84231	515.488
2.84625	515.488
2.84992	515.488
2.8534	515.488
2.85661	515.488
2.862	515.488
2.86548	515.488
2.86965	515.488
2.87302	515.488
2.87601	515.488
2.87983	515.488
2.88395	515.488
2.88702	515.488
2.89051	515.488
2.89408	515.488
2.89734	515.488
2.90135	515.488
2.90574	515.488
2.90953	515.488
2.91371	515.488
2.91722	515.488
2.92124	515.488
2.92471	515.488
2.9281	515.488
2.93227	515.488
2.9355	515.488
2.93968	515.488
2.94398	515.488
2.94757	515.488
2.95074	515.488
2.95403	515.488
2.95793	515.488
2.96191	515.488
2.96529	515.488
2.96852	515.488
2.97258	515.488
2.97582	515.488
2.98004	515.488
2.9832	515.488
2.98709	515.488
2.99122	515.488
2.99486	515.488
2.99827	515.488
3.00243	515.488
3.00566	515.488
3.0096	515.488
3.01298	515.488
3.01601	515.488
3.02093	515.488
3.02521	515.488
3.02948	515.488
3.03302	515.488
3.03723	515.488
3.04077	515.488
3.04428	515.488
3.04731	515.488
3.05096	515.488
3.05492	515.488
3.05874	515.488
3.06205	515.488
3.06646	515.488
3.0704	515.488
3.07377	515.488
3.07755	515.488
3.08095	515.488
3.08423	515.488
3.08833	515.488
3.09155	515.488
3.09527	515.488
3.09822	515.488
3.1021	515.488
3.10543	515.488
3.10945	515.488
3.1129	515.488
3.11613	515.488
3.1205	515.488
3.12591	515.488
3.12948	515.488
3.13263	515.488
3.13562	515.488
3.13965	515.488
3.14364	515.488
3.14665	515.488
3.15052	515.488
3.15448	515.488
3.15771	515.488
3.16186	515.488
3.16522	515.488
3.16927	515.488
3.17417	515.488
3.1781	515.488
3.18139	515.488
3.1852	515.488
3.1884	515.488
3.19136	515.488
3.19474	515.488
3.19784	515.488
3.20169	515.488
3.20589	515.488
3.20979	515.488
3.21322	515.488
3.21755	515.488
3.22082	515.488
3.22392	515.488
3.22744	515.488
3.23117	515.488
3.23443	515.488
3.23744	515.488
3.24163	515.488
3.24492	515.488
3.24804	515.488
3.25229	515.488
3.25521	515.488
3.25881	515.488
3.26314	515.488
3.26731	515.488
3.27138	515.488
3.27542	515.488
3.27925	515.488
3.28241	515.488
3.28648	515.488
3.29048	515.488
3.29485	515.488
3.298	515.488
3.30273	515.488
3.30593	515.488
3.30959	515.488
3.31278	515.488
3.31669	515.488
3.31953	515.488
3.32294	515.488
3.32595	515.488
3.32983	515.488
3.33299	515.488
3.336	515.488
3.34004	515.488
3.34388	515.488
3.34809	515.488
3.35127	515.488
3.35479	515.488
3.35791	515.488
3.36159	515.488
3.3654	515.488
3.36863	515.488
3.37314	515.488
3.37655	515.488
3.37994	515.488
3.38453	515.488
3.38914	515.488
3.39279	515.488
3.39602	515.488
3.39953	515.488
3.40284	515.488
3.40645	515.488
3.40976	515.488
3.41368	515.488
3.41808	515.488
3.4214	515.488
3.42523	515.488
3.42839	515.488
3.43147	515.488
3.43528	515.488
3.43921	515.488
3.44287	515.488
3.44592	515.488
3.44982	515.488
3.45305	515.488
3.45711	515.488
3.46083	515.488
3.46386	515.488
3.46779	515.488
3.47192	515.488
3.47506	515.488
3.47802	515.488
3.48255	515.488
3.48579	515.488
3.48943	515.488
3.49265	515.488
3.49595	515.488
3.49969	515.488
3.50305	515.488
3.50636	515.488
3.50972	515.488
3.51373	515.488
3.51682	515.488
3.51989	515.488
3.524	515.488
3.52701	515.488
3.53021	515.488
3.53343	515.488
3.53765	515.488
3.54089	515.488
3.54413	515.488
3.54796	515.488
3.55094	515.488
3.55415	515.488
3.55704	515.488
3.56096	515.488
3.56408	515.488
3.56763	515.488
3.57146	515.488
3.57466	515.488
3.57818	515.488
3.58143	515.488
3.58547	515.488
3.58929	515.488
3.59248	515.488
3.59535	515.488
3.59856	515.488
3.60148	515.488
3.60562	515.488
3.60897	515.488
3.61193	515.488
3.616	515.488
3.61936	515.488
3.62365	515.488
3.62777	515.488
3.63083	515.488
3.63406	515.488
3.63783	515.488
3.64131	515.488
3.64504	515.488
3.64906	515.488
3.65223	515.488
3.65564	515.488
3.65888	515.488
3.66273	515.488
3.66584	515.488
3.66901	515.488
3.67296	515.488
3.67593	515.488
3.67941	515.488
3.68266	515.488
3.68617	515.488
3.6893	515.488
3.69329	515.488
3.69638	515.488
3.69933	515.488
3.70261	515.488
3.70561	515.488
3.70955	515.488
3.7129	515.488
3.71608	515.488
3.71998	515.488
3.72319	515.488
3.72694	515.488
3.73031	515.488
3.73498	515.488
3.73852	515.488
3.74326	515.488
3.7462	515.488
3.7497	515.488
3.75332	515.488
3.75662	515.488
3.76068	515.488
3.76399	515.488
3.7679	515.488
3.77092	515.488
3.77472	515.488
3.77794	515.488
3.78128	515.488
3.78544	515.488
3.78983	515.488
3.79364	515.488
3.79773	515.488
3.80179	515.488
3.80535	515.488
3.80925	515.488
3.81241	515.488
3.81538	515.488
3.81887	515.488
3.822	515.488
3.82596	515.488
3.82912	515.488
3.83211	515.488
3.83595	515.488
3.84019	515.488
3.84335	515.488
3.84738	515.488
3.85083	515.488
3.8547	515.488
3.85841	515.488
3.86149	515.488
3.86563	515.488
3.86887	515.488
3.87184	515.488
3.87588	515.488
3.87891	515.488
3.88284	515.488
3.88609	515.488
3.8898	515.488
3.8933	515.488
3.89732	515.488
3.90078	515.488
3.90375	515.488
3.90767	515.488
3.91094	515.488
3.91483	515.488
3.91818	515.488
3.92143	515.488
3.92512	515.488
3.92834	515.488
3.93313	515.488
3.93715	515.488
3.94032	515.488
3.94348	515.488
3.94707	515.488
3.95099	515.488
3.95438	515.488
3.95859	515.488
3.96284	515.488
3.96633	515.488
3.97055	515.488
3.97372	515.488
3.97771	515.488
3.98118	515.488
3.98532	515.488
3.99043	515.488
3.99474	515.488
3.99801	515.488
4.00232	515.488
4.00569	515.488
4.00916	515.488
4.01276	515.488
4.01577	515.488
4.01974	515.488
4.02361	515.488
4.02691	515.488
4.03002	515.488
4.03316	515.488
4.03714	515.488
4.04068	515.488
4.04389	515.488
4.04831	515.488
4.05164	515.488
4.05605	515.488
4.05989	515.488
4.06388	515.488
4.06749	515.488
4.07079	515.488
4.074	515.488
4.07709	515.488
4.08008	515.488
4.08405	515.488
4.08724	515.488
4.09176	515.488
4.09487	515.488
4.09871	515.488
4.10187	515.488
4.10578	515.488
4.10943	515.488
4.11291	515.488
4.1171	515.488
4.12019	515.488
4.1236	515.488
4.12661	515.488
4.13027	515.488
4.13339	515.488
4.13722	515.488
4.14077	515.488
4.14527	515.488
4.14843	515.488
4.15145	515.488
4.15527	515.488
4.15868	515.488
4.16276	515.488
4.16592	515.488
4.16976	515.488
4.17292	515.488
4.17634	515.488
4.18384	515.488
4.1887	515.488
4.19251	515.488
4.19621	515.488
4.1996	515.488
4.20272	515.488
4.20598	515.488
4.20958	515.488
4.21271	515.488
4.21572	515.488
4.21955	515.488
4.22247	515.488
4.22632	515.488
4.2295	515.488
4.23365	515.488
4.23695	515.488
4.23995	515.488
4.24384	515.488
4.24677	515.488
4.25073	515.488
4.25412	515.488
4.258	515.488
4.26118	515.488
4.26515	515.488
4.26951	515.488
4.27319	515.488
4.2773	515.488
4.28024	515.488
4.28372	515.488
4.28693	515.488
4.28997	515.488
4.29313	515.488
4.29882	515.488
4.30189	515.488
4.30586	515.488
4.30928	515.488
4.31324	515.488
4.31691	515.488
4.31987	515.488
4.32385	515.488
4.32683	515.488
4.33072	515.488
4.33392	515.488
4.33769	515.488
4.34103	515.488
4.34508	515.488
4.34859	515.488
4.35238	515.488
4.35692	515.488
4.35998	515.488
4.36307	515.488
4.36656	515.488
4.37061	515.488
4.37393	515.488
4.37765	515.488
4.38104	515.488
4.38402	515.488
4.38789	515.488
4.39113	515.488
4.3944	515.488
4.39814	515.488
4.40183	515.488
4.40514	515.488
4.40914	515.488
4.41383	515.488
4.41698	515.488
4.4199	515.488
4.42377	515.488
4.42714	515.488
4.43298	515.488
4.43572	515.488
4.43978	515.488
4.44335	515.488
4.44719	515.488
4.45083	515.488
4.45444	515.488
4.45802	515.488
4.46179	515.488
4.46533	515.488
4.46824	515.488
4.47212	515.488
4.4754	515.488
4.47867	515.488
4.48241	515.488
4.48809	515.488
4.49147	515.488
4.495	515.488
4.49812	515.488
4.50121	515.488
4.50423	515.488
4.50817	515.488
4.51132	515.488
4.51469	515.488
4.51808	515.488
4.52183	515.488
4.52504	515.488
4.52804	515.488
4.53193	515.488
4.53522	515.488
4.53875	515.488
4.54289	515.488
4.5466	515.488
4.55037	515.488
4.55427	515.488
4.55755	515.488
4.56081	515.488
4.56487	515.488
4.56805	515.488
4.57191	515.488
4.57496	515.488
4.57832	515.488
4.58156	515.488
4.58571	515.488
4.58887	515.488
4.59188	515.488
4.59586	515.488
4.59887	515.488
4.60219	515.488
4.60531	515.488
4.60911	515.488
4.61235	515.488
4.61531	515.488
4.61895	515.488
4.62308	515.488
4.6266	515.488
4.63035	515.488
4.63374	515.488
4.63825	515.488
4.64158	515.488
4.64564	515.488
4.64885	515.488
4.65176	515.488
4.65553	515.488
4.65854	515.488
4.66251	515.488
4.66574	515.488
4.66964	515.488
4.67299	515.488
4.67606	515.488
4.6802	515.488
4.68321	515.488
4.68682	515.488
4.68983	515.488
4.69379	515.488
4.69731	515.488
4.70137	515.488
4.7049	515.488
4.70791	515.488
4.71258	515.488
4.71572	515.488
4.71894	515.488
4.72187	515.488
4.725	515.488
4.72917	515.488
4.73374	515.488
4.73697	515.488
4.74026	515.488
4.74416	515.488
4.7473	515.488
4.75079	515.488
4.75388	515.488
4.75725	515.488
4.76123	515.488
4.76534	515.488
4.76864	515.488
4.7733	515.488
4.77676	515.488
4.77974	515.488
4.78343	515.488
4.78639	515.488
4.7902	515.488
4.79407	515.488
4.79801	515.488
4.80218	515.488
4.80536	515.488
4.80907	515.488
4.81215	515.488
4.81504	515.488
4.81839	515.488
4.8217	515.488
4.82629	515.488
4.82956	515.488
4.83397	515.488
4.83723	515.488
4.84014	515.488
4.84412	515.488
4.84727	515.488
4.85113	515.488
4.8544	515.488
4.86218	515.488
4.86669	515.488
4.87025	515.488
4.8745	515.488
4.87794	515.488
4.88243	515.488
4.88599	515.488
4.88993	515.488
4.89332	515.488
4.89654	515.488
4.90039	515.488
4.90386	515.488
4.90773	515.488
4.91209	515.488
4.91551	515.488
4.91873	515.488
4.92255	515.488
4.92596	515.488
4.9297	515.488
4.93314	515.488
4.93612	515.488
4.94013	515.488
4.94402	515.488
4.94795	515.488
4.9508	515.488
4.95468	515.488
4.95777	515.488
4.96161	515.488
4.96491	515.488
4.9679	515.488
4.97208	515.488
4.97505	515.488
4.97939	515.488
4.98283	515.488
4.98657	515.488
4.98986	515.488
4.99365	515.488
4.99689	515.488
4.99982	515.488
5.00363	515.488
5.00674	515.488
5.01083	515.488
5.01404	515.488
5.01841	515.488
5.02452	515.488
5.02759	515.488
5.03067	515.488
5.0343	515.488
5.03774	515.488
5.04142	515.488
5.04497	515.488
5.04795	515.488
5.05157	515.488
5.05534	515.488
5.05833	515.488
5.06218	515.488
5.06672	515.488
5.07073	515.488
5.07433	515.488
5.07786	515.488
5.08097	515.488
5.08526	515.488
5.08863	515.488
5.09162	515.488
5.09518	515.488
5.09866	515.488
5.10178	515.488
5.10569	515.488
5.10887	515.488
5.1119	515.488
5.11574	515.488
5.11928	515.488
5.12246	515.488
5.12633	515.488
5.13026	515.488
5.13447	515.488
5.13767	515.488
5.14123	515.488
5.14533	515.488
5.14877	515.488
5.15175	515.488
5.1562	515.488
5.1597	515.488
5.16349	515.488
5.16655	515.488
5.17047	515.488
5.17389	515.488
5.17766	515.488
5.18119	515.488
5.18583	515.488
5.18933	515.488
5.19386	515.488
5.19745	515.488
5.20079	515.488
5.20505	515.488
5.20846	515.488
5.21236	515.488
5.2153	515.488
5.21903	515.488
5.22212	515.488
5.22611	515.488
5.23019	515.488
5.2341	515.488
5.23779	515.488
5.24243	515.488
5.24592	515.488
5.25056	515.488
5.25379	515.488
5.2568	515.488
5.26165	515.488
5.2658	515.488
5.26961	515.488
5.27274	515.488
5.27615	515.488
5.27989	515.488
5.28447	515.488
5.28834	515.488
5.29138	515.488
5.29475	515.488
5.29756	515.488
5.30143	515.488
5.30499	515.488
5.30806	515.488
5.31198	515.488
5.31497	515.488
5.31836	515.488
5.3219	515.488
5.32563	515.488
5.32888	515.488
5.33287	515.488
5.33717	515.488
5.34064	515.488
5.34434	515.488
5.34774	515.488
5.35174	515.488
5.35472	515.488
5.3579	515.488
5.36196	515.488
5.36534	515.488
5.36932	515.488
5.37328	515.488
5.37675	515.488
5.37982	515.488
5.38337	515.488
5.38657	515.488
5.3912	515.488
5.39459	515.488
5.39858	515.488
5.40182	515.488
5.40559	515.488
5.40946	515.488
5.41316	515.488
5.41766	515.488
5.42131	515.488
5.42521	515.488
5.42864	515.488
5.43298	515.488
5.43623	515.488
5.43941	515.488
5.44285	515.488
5.44654	515.488
5.44972	515.488
5.45274	515.488
5.45673	515.488
5.45958	515.488
5.46292	515.488
5.46589	515.488
5.46973	515.488
5.47309	515.488
5.47716	515.488
5.48056	515.488
5.48363	515.488
5.487	515.488
5.4899	515.488
5.4938	515.488
5.49729	515.488
5.50181	515.488
5.51151	515.488
5.51564	515.488
5.52001	515.488
5.52441	515.488
5.52789	515.488
5.532	515.488
5.5351	515.488
5.53885	515.488
5.54192	515.488
5.54611	515.488
5.54947	515.488
5.55325	515.488
5.55636	515.488
5.55944	515.488
5.56286	515.488
5.56592	515.488
5.56973	515.488
5.57292	515.488
5.57629	515.488
5.58022	515.488
5.58344	515.488
5.58712	515.488
5.59176	515.488
5.59686	515.488
5.60038	515.488
5.60487	515.488
5.60827	515.488
5.61215	515.488
5.61561	515.488
5.61918	515.488
5.62274	515.488
5.62626	515.488
5.63023	515.488
5.63411	515.488
5.63838	515.488
5.64179	515.488
5.64489	515.488
5.64932	515.488
5.65255	515.488
5.65579	515.488
5.66002	515.488
5.66355	515.488
5.66841	515.488
5.67231	515.488
5.67544	515.488
5.67948	515.488
5.68367	515.488
5.68813	515.488
5.69109	515.488
5.69434	515.488
5.6988	515.488
5.70219	515.488
5.70616	515.488
5.7097	515.488
5.71471	515.488
5.71802	515.488
5.72185	515.488
5.72546	515.488
5.73011	515.488
5.73336	515.488
5.73667	515.488
5.74054	515.488
5.74398	515.488
5.74805	515.488
5.75116	515.488
5.7545	515.488
5.75812	515.488
5.762	515.488
5.76533	515.488
5.77001	515.488
5.77408	515.488
5.77802	515.488
5.78115	515.488
5.78425	515.488
5.78759	515.488
5.79062	515.488
5.79446	515.488
5.79792	515.488
5.80177	515.488
5.80549	515.488
5.8098	515.488
5.81295	515.488
5.81605	515.488
5.81981	515.488
5.82283	515.488
5.82705	515.488
5.83036	515.488
5.83442	515.488
5.8376	515.488
5.84163	515.488
5.84484	515.488
5.84776	515.488
5.85116	515.488
5.8543	515.488
5.85821	515.488
5.86281	515.488
5.86675	515.488
5.86989	515.488
5.87319	515.488
5.87719	515.488
5.88117	515.488
5.88511	515.488
5.8881	515.488
5.8914	515.488
5.89455	515.488
5.89843	515.488
5.90185	515.488
5.90592	515.488
5.90955	515.488
5.91319	515.488
5.91751	515.488
5.92145	515.488
5.92551	515.488
5.92868	515.488
5.93156	515.488
5.93517	515.488
5.9387	515.488
5.94274	515.488
5.94639	515.488
5.9507	515.488
5.95436	515.488
5.95748	515.488
5.96087	515.488
5.96479	515.488
5.96928	515.488
5.97311	515.488
5.97622	515.488
5.97965	515.488
5.98315	515.488
5.98636	515.488
5.99043	515.488
5.99434	515.488
5.99854	515.488
6.00221	515.488
6.006	515.488
6.00956	515.488
6.01417	515.488
6.0175	515.488
6.02133	515.488
6.0246	515.488
6.02915	515.488
6.03246	515.488
6.0361	515.488
6.0409	515.488
6.04508	515.488
6.04841	515.488
6.05157	515.488
6.05504	515.488
6.05829	515.488
6.06138	515.488
6.06598	515.488
6.06951	515.488
6.07348	515.488
6.07677	515.488
6.07994	515.488
6.0839	515.488
6.08783	515.488
6.09074	515.488
6.09475	515.488
6.09852	515.488
6.10245	515.488
6.10576	515.488
6.11011	515.488
6.11347	515.488
6.11791	515.488
6.12102	515.488
6.12392	515.488
6.12879	515.488
6.132	515.488
6.13567	515.488
6.139	515.488
6.14287	515.488
6.14605	515.488
6.14936	515.488
6.15338	515.488
6.15882	515.488
6.16206	515.488
6.16599	515.488
6.16943	515.488
6.17316	515.488
6.1764	515.488
6.17942	515.488
6.1834	515.488
6.18799	515.488
6.19164	515.488
6.19539	515.488
6.1993	515.488
6.20269	515.488
6.20681	515.488
6.21098	515.488
6.21712	515.488
6.22054	515.488
6.22536	515.488
6.22904	515.488
6.23228	515.488
6.23594	515.488
6.23907	515.488
6.24457	515.488
6.24809	515.488
6.25174	515.488
6.25463	515.488
6.25845	515.488
6.26168	515.488
6.26591	515.488
6.26984	515.488
6.27312	515.488
6.27718	515.488
6.28032	515.488
6.28326	515.488
6.2871	515.488
6.2909	515.488
6.29731	515.488
6.30124	515.488
6.3052	515.488
6.30953	515.488
6.31425	515.488
6.31892	515.488
6.32419	515.488
6.32907	515.488
6.33325	515.488
6.33856	515.488
6.34273	515.488
6.34711	515.488
6.35054	515.488
6.35479	515.488
6.35865	515.488
6.36273	515.488
6.36655	515.488
6.37075	515.488
6.37457	515.488
6.37857	515.488
6.38396	515.488
6.38955	515.488
6.39743	515.488
6.40298	515.488
6.40732	515.488
6.41265	515.488
6.4163	515.488
6.42101	515.488
6.42542	515.488
6.42921	515.488
6.43378	515.488
6.43694	515.488
6.43979	515.488
6.44363	515.488
6.44687	515.488
6.45062	515.488
6.4539	515.488
6.45853	515.488
6.46203	515.488
6.46606	515.488
6.46948	515.488
6.47343	515.488
6.47718	515.488
6.48121	515.488
6.48483	515.488
6.48777	515.488
6.49173	515.488
6.49519	515.488
6.49868	515.488
6.50179	515.488
6.50573	515.488
6.50891	515.488
6.51211	515.488
6.51599	515.488
6.51905	515.488
6.52499	515.488
6.52884	515.488
6.53196	515.488
6.53553	515.488
6.53881	515.488
6.54481	515.488
6.54788	515.488
6.55132	515.488
6.55467	515.488
6.55842	515.488
6.56241	515.488
6.566	515.488
6.56976	515.488
6.57294	515.488
6.57599	515.488
6.58003	515.488
6.58306	515.488
6.58899	515.488
6.59204	515.488
6.59601	515.488
6.59921	515.488
6.60263	515.488
6.608	515.488
6.61174	515.488
6.61488	515.488
6.61818	515.488
6.62182	515.488
6.62561	515.488
6.62881	515.488
6.6331	515.488
6.63741	515.488
6.64251	515.488
6.64588	515.488
6.64983	515.488
6.65293	515.488
6.65617	515.488
6.66135	515.488
6.66552	515.488
6.66904	515.488
6.672	515.488
6.67594	515.488
6.6789	515.488
6.68211	515.488
6.68574	515.488
6.6896	515.488
6.69313	515.488
6.69616	515.488
6.70004	515.488
6.70303	515.488
6.70661	515.488
6.71009	515.488
6.71402	515.488
6.71763	515.488
6.72135	515.488
6.72475	515.488
6.72787	515.488
6.73171	515.488
6.73499	515.488
6.73827	515.488
6.74148	515.488
6.74552	515.488
6.74899	515.488
6.75219	515.488
6.75614	515.488
6.75922	515.488
6.76268	515.488
6.76603	515.488
6.76987	515.488
6.77307	515.488
6.77605	515.488
6.78001	515.488
6.78292	515.488
6.78612	515.488
6.78995	515.488
6.79386	515.488
6.79693	515.488
6.80012	515.488
6.80401	515.488
6.80724	515.488
6.81124	515.488
6.81456	515.488
6.8187	515.488
6.82188	515.488
6.82567	515.488
6.82879	515.488
6.83176	515.488
6.83613	515.488
6.83935	515.488
6.84295	515.488
6.84626	515.488
6.85066	515.488
6.85409	515.488
6.85782	515.488
6.8611	515.488
6.86512	515.488
6.8684	515.488
6.87168	515.488
6.87572	515.488
6.87874	515.488
6.8827	515.488
6.88587	515.488
6.8897	515.488
6.89325	515.488
6.89744	515.488
6.90062	515.488
6.90385	515.488
6.91047	515.488
6.91362	515.488
6.91694	515.488
6.91993	515.488
6.92474	515.488
6.92805	515.488
6.93214	515.488
6.9354	515.488
6.93882	515.488
6.94177	515.488
6.94589	515.488
6.94938	515.488
6.95351	515.488
6.95694	515.488
6.96413	515.488
6.97057	515.488
6.97469	515.488
6.9786	515.488
6.98215	515.488
6.98624	515.488
6.98974	515.488
6.99442	515.488
6.99796	515.488
7.00179	515.488
7.00498	515.488
7.00792	515.488
7.01184	515.488
7.01483	515.488
7.02069	515.488
7.02424	515.488
7.02799	515.488
7.03115	515.488
7.03437	515.488
7.03787	515.488
7.04197	515.488
7.04517	515.488
7.04959	515.488
7.05277	515.488
7.05607	515.488
7.06007	515.488
7.06298	515.488
7.06653	515.488
7.07071	515.488
7.07412	515.488
7.07837	515.488
7.08159	515.488
7.08549	515.488
7.0891	515.488
7.09352	515.488
7.09702	515.488
7.10162	515.488
7.10499	515.488
7.10793	515.488
7.11501	515.488
7.11911	515.488
7.12328	515.488
7.12698	515.488
7.13326	515.488
7.13728	515.488
7.14094	515.488
7.1439	515.488
7.14732	515.488
7.15057	515.488
7.15402	515.488
7.1577	515.488
7.16118	515.488
7.16558	515.488
7.17038	515.488
7.17439	515.488
7.17788	515.488
7.1816	515.488
7.18473	515.488
7.18767	515.488
7.19171	515.488
7.1949	515.488
7.19812	515.488
7.20145	515.488
7.20607	515.488
7.20927	515.488
7.21323	515.488
7.21663	515.488
7.21955	515.488
7.22314	515.488
7.22644	515.488
7.23132	515.488
7.23454	515.488
7.23912	515.488
7.24221	515.488
7.246	515.488
7.2491	515.488
7.25211	515.488
7.25609	515.488
7.259	515.488
7.26495	515.488
7.26806	515.488
7.27202	515.488
7.27511	515.488
7.27971	515.488
7.28285	515.488
7.28679	515.488
7.29002	515.488
7.29365	515.488
7.2968	515.488
7.3001	515.488
7.30408	515.488
7.30699	515.488
7.31301	515.488
7.31617	515.488
7.31997	515.488
7.32345	515.488
7.32712	515.488
7.33102	515.488
7.33696	515.488
7.33995	515.488
7.34402	515.488
7.34733	515.488
7.35097	515.488
7.35395	515.488
7.35773	515.488
7.36157	515.488
7.36491	515.488
7.36912	515.488
7.37236	515.488
7.37562	515.488
7.37969	515.488
7.38395	515.488
7.38724	515.488
7.39092	515.488
7.39693	515.488
7.4001	515.488
7.40412	515.488
7.40711	515.488
7.4104	515.488
7.41346	515.488
7.41713	515.488
7.42036	515.488
7.42345	515.488
7.4277	515.488
7.43194	515.488
7.43487	515.488
7.43907	515.488
7.44276	515.488
7.44679	515.488
7.45112	515.488
7.45467	515.488
7.45836	515.488
7.46171	515.488
7.46556	515.488
7.46871	515.488
7.4717	515.488
7.47577	515.488
7.4789	515.488
7.48249	515.488
7.48563	515.488
7.48959	515.488
7.49273	515.488
7.49572	515.488
7.49972	515.488
7.50321	515.488
7.50693	515.488
7.5102	515.488
7.51399	515.488
7.51735	515.488
7.52135	515.488
7.5247	515.488
7.52769	515.488
7.53162	515.488
7.53483	515.488
7.53891	515.488
7.54213	515.488
7.54785	515.488
7.5512	515.488
7.55463	515.488
7.55772	515.488
7.56221	515.488
7.56534	515.488
7.56917	515.488
7.57269	515.488
7.57596	515.488
7.57984	515.488
7.58289	515.488
7.58618	515.488
7.58979	515.488
7.59383	515.488
7.59697	515.488
7.60026	515.488
7.60416	515.488
7.6071	515.488
7.6105	515.488
7.61366	515.488
7.61836	515.488
7.62179	515.488
7.62583	515.488
7.62923	515.488
7.63315	515.488
7.63637	515.488
7.64011	515.488
7.64398	515.488
7.647	515.488
7.65286	515.488
7.656	515.488
7.65962	515.488
7.66301	515.488
7.66641	515.488
7.67102	515.488
7.67457	515.488
7.6777	515.488
7.68138	515.488
7.68451	515.488
7.68777	515.488
7.69168	515.488
7.69449	515.488
7.69839	515.488
7.70199	515.488
7.70571	515.488
7.70893	515.488
7.7122	515.488
7.71609	515.488
7.71961	515.488
7.72417	515.488
7.72716	515.488
7.73049	515.488
7.73385	515.488
7.73768	515.488
7.74113	515.488
7.74416	515.488
7.74813	515.488
7.7511	515.488
7.75466	515.488
7.75789	515.488
7.762	515.488
7.76517	515.488
7.76927	515.488
7.77287	515.488
7.77611	515.488
7.78019	515.488
7.78349	515.488
7.78755	515.488
7.79063	515.488
7.79432	515.488
7.79754	515.488
7.80178	515.488
7.80485	515.488
7.80785	515.488
7.81204	515.488
7.81533	515.488
7.81916	515.488
7.82225	515.488
7.8266	515.488
7.83038	515.488
7.83478	515.488
7.83774	515.488
7.84154	515.488
7.84473	515.488
7.84769	515.488
7.85157	515.488
7.85485	515.488
7.8589	515.488
7.86234	515.488
7.86739	515.488
7.87155	515.488
7.87565	515.488
7.8789	515.488
7.88203	515.488
7.88537	515.488
7.88919	515.488
7.8924	515.488
7.89539	515.488
7.89876	515.488
7.90207	515.488
7.90621	515.488
7.90972	515.488
7.91438	515.488
7.91781	515.488
7.92178	515.488
7.92547	515.488
7.92936	515.488
7.9332	515.488
7.93712	515.488
7.9409	515.488
7.94435	515.488
7.94859	515.488
7.95204	515.488
7.9564	515.488
7.96007	515.488
7.9644	515.488
7.96773	515.488
7.97198	515.488
7.97553	515.488
7.9792	515.488
7.98393	515.488
7.98828	515.488
7.99377	515.488
8.00015	515.488
8.00584	515.488
8.01001	515.488
8.01391	515.488
8.01815	515.488
8.02217	515.488
8.02841	515.488
8.0322	515.488
8.037	515.488
8.0413	515.488
8.04484	515.488
8.04827	515.488
8.05256	515.488
8.05797	515.488
8.06148	515.488
8.06619	515.488
8.07068	515.488
8.07521	515.488
8.07874	515.488
8.08287	515.488
8.08618	515.488
8.09009	515.488
8.09412	515.488
8.09757	515.488
8.10156	515.488
8.10604	515.488
8.1096	515.488
8.11497	515.488
8.11854	515.488
8.12483	515.488
8.12913	515.488
8.13408	515.488
8.14023	515.488
8.14549	515.488
8.15266	515.488
8.15747	515.488
8.16346	515.488
8.16863	515.488
8.17372	515.488
8.17759	515.488
8.18134	515.488
8.18507	515.488
8.18849	515.488
8.19258	515.488
8.19632	515.488
8.2018	515.488
8.20526	515.488
8.20928	515.488
8.21555	515.488
8.22012	515.488
8.22366	515.488
8.22937	515.488
8.23317	515.488
8.23808	515.488
8.24214	515.488
8.24564	515.488
8.24963	515.488
8.25331	515.488
8.25726	515.488
8.2607	515.488
8.26391	515.488
8.26896	515.488
8.27325	515.488
8.27708	515.488
8.28384	515.488
8.28918	515.488
8.29414	515.488
8.29987	515.488
8.3043	515.488
8.30958	515.488
8.31318	515.488
8.31717	515.488
8.322	515.488
8.32603	515.488
8.32962	515.488
8.33439	515.488
8.33796	515.488
8.34301	515.488
8.34652	515.488
8.35059	515.488
8.35399	515.488
8.35803	515.488
8.36138	515.488
8.36536	515.488
8.3693	515.488
8.37523	515.488
8.37895	515.488
8.38312	515.488
8.38658	515.488
8.3901	515.488
8.39374	515.488
8.40017	515.488
8.40506	515.488
8.4089	515.488
8.41268	515.488
8.41785	515.488
8.42267	515.488
8.42686	515.488
8.4326	515.488
8.4359	515.488
8.43956	515.488
8.44285	515.488
8.44643	515.488
8.45044	515.488
8.45703	515.488
8.46145	515.488
8.46627	515.488
8.4706	515.488
8.47486	515.488
8.47871	515.488
8.48262	515.488
8.4867	515.488
8.49073	515.488
8.49482	515.488
8.50033	515.488
8.50431	515.488
8.50813	515.488
8.51158	515.488
8.51729	515.488
8.52112	515.488
8.52583	515.488
8.52992	515.488
8.53408	515.488
8.53778	515.488
8.54219	515.488
8.54739	515.488
8.55117	515.488
8.5547	515.488
8.55847	515.488
8.56316	515.488
8.56938	515.488
8.57542	515.488
8.58036	515.488
8.585	515.488
8.58993	515.488
8.59458	515.488
8.59802	515.488
8.60293	515.488
8.60703	515.488
8.61014	515.488
8.61377	515.488
8.61885	515.488
8.62213	515.488
8.62651	515.488
8.63072	515.488
8.63744	515.488
8.6417	515.488
8.64545	515.488
8.64944	515.488
8.65299	515.488
8.65689	515.488
8.66255	515.488
8.6663	515.488
8.67095	515.488
8.67471	515.488
8.67821	515.488
8.68441	515.488
8.6897	515.488
8.6962	515.488
8.70148	515.488
8.70782	515.488
8.71307	515.488
8.71761	515.488
8.72209	515.488
8.72793	515.488
8.73338	515.488
8.73695	515.488
8.74293	515.488
8.75435	515.488
8.758	515.488
8.76168	515.488
8.76502	515.488
8.76836	515.488
8.77174	515.488
8.77506	515.488
8.77826	515.488
8.78179	515.488
8.78506	515.488
8.78819	515.488
8.79183	515.488
8.79503	515.488
8.8006	515.488
8.80407	515.488
8.80865	515.488
8.81203	515.488
8.81625	515.488
8.81938	515.488
8.82321	515.488
8.82671	515.488
8.82998	515.488
8.83377	515.488
8.83783	515.488
8.8411	515.488
8.84416	515.488
8.84853	515.488
8.85188	515.488
8.85661	515.488
8.86017	515.488
8.86452	515.488
8.86793	515.488
8.87214	515.488
8.8751	515.488
8.87867	515.488
8.88185	515.488
8.88588	515.488
8.8893	515.488
8.89322	515.488
8.89677	515.488
8.90003	515.488
8.9041	515.488
8.9074	515.488
8.91092	515.488
8.91414	515.488
8.9182	515.488
8.92144	515.488
8.92532	515.488
8.92862	515.488
8.9316	515.488
8.93535	515.488
8.93899	515.488
8.94496	515.488
8.9481	515.488
8.95166	515.488
8.95464	515.488
8.95857	515.488
8.96175	515.488
8.96572	515.488
8.9689	515.488
8.97185	515.488
8.97596	515.488
8.97889	515.488
8.9824	515.488
8.9855	515.488
8.98948	515.488
8.99296	515.488
8.99595	515.488
8.99993	515.488
9.0029	515.488
9.00607	515.488
9.00896	515.488
9.01196	515.488
9.01591	515.488
9.01895	515.488
9.02238	515.488
9.0264	515.488
9.03032	515.488
9.03352	515.488
9.03757	515.488
9.04089	515.488
9.04374	515.488
9.0477	515.488
9.05142	515.488
9.05488	515.488
9.05883	515.488
9.06204	515.488
9.06595	515.488
9.06976	515.488
9.07292	515.488
9.07585	515.488
9.07973	515.488
9.08267	515.488
9.08656	515.488
9.08995	515.488
9.09392	515.488
9.09713	515.488
9.10013	515.488
9.10397	515.488
9.10714	515.488
9.11048	515.488
9.11446	515.488
9.11844	515.488
9.12161	515.488
9.12539	515.488
9.12864	515.488
9.13215	515.488
9.13614	515.488
9.13912	515.488
9.14264	515.488
9.14656	515.488
9.15063	515.488
9.15405	515.488
9.15706	515.488
9.16015	515.488
9.16378	515.488
9.16661	515.488
9.17121	515.488
9.17444	515.488
9.17861	515.488
9.18206	515.488
9.18631	515.488
9.18952	515.488
9.19362	515.488
9.19682	515.488
9.1999	515.488
9.20399	515.488
9.20815	515.488
9.2124	515.488
9.21557	515.488
9.21944	515.488
9.22297	515.488
9.22894	515.488
9.23189	515.488
9.23575	515.488
9.23886	515.488
9.2423	515.488
9.24636	515.488
9.24953	515.488
9.2537	515.488
9.25709	515.488
9.26015	515.488
9.26419	515.488
9.26746	515.488
9.2709	515.488
9.27394	515.488
9.27851	515.488
9.28209	515.488
9.28602	515.488
9.29037	515.488
9.29382	515.488
9.29846	515.488
9.302	515.488
9.30603	515.488
9.30961	515.488
9.31454	515.488
9.31816	515.488
9.32232	515.488
9.32595	515.488
9.33049	515.488
9.33451	515.488
9.33899	515.488
9.3421	515.488
9.34591	515.488
9.34941	515.488
9.35317	515.488
9.35661	515.488
9.35988	515.488
9.36494	515.488
9.36796	515.488
9.37213	515.488
9.37503	515.488
9.37863	515.488
9.38178	515.488
9.38576	515.488
9.38913	515.488
9.39202	515.488
9.39631	515.488
9.39938	515.488
9.40298	515.488
9.40618	515.488
9.4105	515.488
9.41394	515.488
9.41695	515.488
9.42005	515.488
9.42394	515.488
9.4269	515.488
9.43028	515.488
9.43342	515.488
9.43721	515.488
9.44184	515.488
9.44587	515.488
9.44921	515.488
9.45225	515.488
9.45616	515.488
9.45957	515.488
9.46348	515.488
9.46664	515.488
9.47113	515.488
9.47416	515.488
9.47812	515.488
9.48132	515.488
9.4857	515.488
9.48886	515.488
9.49178	515.488
9.49573	515.488
9.49925	515.488
9.5026	515.488
9.50549	515.488
9.50938	515.488
9.51249	515.488
9.51585	515.488
9.51975	515.488
9.52391	515.488
9.52804	515.488
9.53117	515.488
9.53455	515.488
9.53757	515.488
9.54169	515.488
9.54476	515.488
9.5477	515.488
9.55159	515.488
9.55454	515.488
9.55932	515.488
9.56262	515.488
9.57221	515.488
9.57575	515.488
9.58065	515.488
9.58355	515.488
9.58683	515.488
9.58972	515.488
9.59418	515.488
9.59778	515.488
9.6015	515.488
9.60487	515.488
9.60819	515.488
9.61208	515.488
9.61519	515.488
9.61854	515.488
9.62157	515.488
9.62583	515.488
9.62961	515.488
9.63292	515.488
9.63605	515.488
9.63981	515.488
9.64295	515.488
9.64683	515.488
9.64994	515.488
9.65377	515.488
9.65728	515.488
9.66016	515.488
9.66405	515.488
9.66716	515.488
9.67087	515.488
9.67388	515.488
9.67804	515.488
9.68229	515.488
9.68544	515.488
9.68915	515.488
9.69247	515.488
9.69542	515.488
9.69867	515.488
9.70324	515.488
9.70674	515.488
9.71056	515.488
9.71483	515.488
9.71815	515.488
9.72219	515.488
9.7259	515.488
9.73001	515.488
9.73344	515.488
9.73782	515.488
9.74172	515.488
9.74586	515.488
9.74946	515.488
9.75342	515.488
9.75685	515.488
9.76003	515.488
9.7639	515.488
9.76702	515.488
9.77005	515.488
9.77409	515.488
9.7775	515.488
9.78155	515.488
9.78492	515.488
9.78795	515.488
9.79194	515.488
9.79499	515.488
9.80118	515.488
9.80478	515.488
9.80788	515.488
9.81149	515.488
9.81472	515.488
9.81813	515.488
9.82132	515.488
9.82527	515.488
9.82848	515.488
9.83167	515.488
9.83503	515.488
9.83821	515.488
9.84198	515.488
9.84608	515.488
9.85031	515.488
9.8537	515.488
9.85753	515.488
9.86149	515.488
9.86533	515.488
9.86849	515.488
9.87153	515.488
9.87486	515.488
9.87822	515.488
9.8823	515.488
9.88543	515.488
9.88923	515.488
9.89243	515.488
9.89611	515.488
9.90011	515.488
9.90297	515.488
9.90885	515.488
9.91182	515.488
9.91534	515.488
9.91849	515.488
9.92195	515.488
9.92576	515.488
9.92892	515.488
9.932	515.488
9.93592	515.488
9.9399	515.488
9.94388	515.488
9.94694	515.488
9.95009	515.488
9.9547	515.488
9.95838	515.488
9.96237	515.488
9.9657	515.488
9.96949	515.488
9.97272	515.488
9.97554	515.488
9.97889	515.488
9.98194	515.488
9.98609	515.488
9.98926	515.488
9.99318	515.488
9.99698	515.488
10.00004	515.488
