0	1025.184
0.004	1025.184
0.01107	1025.184
0.01664	1025.184
0.02064	1025.184
0.02436	1025.184
0.02783	1025.184
0.03221	1025.184
0.03631	1025.184
0.04004	1025.184
0.04339	1025.184
0.0476	1025.184
0.052	1025.184
0.05692	1025.184
0.06115	1025.184
0.06488	1025.184
0.06906	1025.184
0.07316	1025.184
0.0768	1025.184
0.08055	1025.184
0.08444	1025.184
0.08887	1025.184
0.09263	1025.184
0.09669	1025.184
0.10044	1025.184
0.10687	1025.184
0.11123	1025.184
0.11778	1025.184
0.1227	1025.184
0.12817	1025.184
0.13301	1025.184
0.13679	1025.184
0.14116	1025.184
0.14572	1025.184
0.14976	1025.184
0.15398	1025.184
0.15792	1025.184
0.16221	1025.184
0.16646	1025.184
0.17123	1025.184
0.17604	1025.184
0.1813	1025.184
0.18519	1025.184
0.1897	1025.184
0.19476	1025.184
0.19854	1025.184
0.20185	1025.184
0.20591	1025.184
0.21004	1025.184
0.21469	1025.184
0.21802	1025.184
0.22284	1025.184
0.22664	1025.184
0.23112	1025.184
0.23493	1025.184
0.24042	1025.184
0.2439	1025.184
0.24807	1025.184
0.2518	1025.184
0.25598	1025.184
0.25992	1025.184
0.26675	1025.184
0.27145	1025.184
0.27478	1025.184
0.2795	1025.184
0.28436	1025.184
0.28849	1025.184
0.29306	1025.184
0.297	1025.184
0.30025	1025.184
0.30497	1025.184
0.30906	1025.184
0.31271	1025.184
0.31572	1025.184
0.32056	1025.184
0.32479	1025.184
0.32878	1025.184
0.33232	1025.184
0.33855	1025.184
0.34191	1025.184
0.34595	1025.184
0.34994	1025.184
0.35457	1025.184
0.35821	1025.184
0.3629	1025.184
0.36726	1025.184
0.37074	1025.184
0.37501	1025.184
0.37857	1025.184
0.38183	1025.184
0.38578	1025.184
0.38934	1025.184
0.39301	1025.184
0.39655	1025.184
0.40003	1025.184
0.40352	1025.184
0.40861	1025.184
0.41262	1025.184
0.41883	1025.184
0.42246	1025.184
0.42637	1025.184
0.43071	1025.184
0.43476	1025.184
0.43889	1025.184
0.44279	1025.184
0.4471	1025.184
0.45343	1025.184
0.45953	1025.184
0.46381	1025.184
0.46757	1025.184
0.47225	1025.184
0.4762	1025.184
0.48097	1025.184
0.48469	1025.184
0.49056	1025.184
0.49498	1025.184
0.49879	1025.184
0.50285	1025.184
0.50681	1025.184
0.51173	1025.184
0.51532	1025.184
0.51931	1025.184
0.52328	1025.184
0.52741	1025.184
0.53206	1025.184
0.53561	1025.184
0.53979	1025.184
0.54423	1025.184
0.54863	1025.184
0.5522	1025.184
0.55621	1025.184
0.56007	1025.184
0.56451	1025.184
0.56816	1025.184
0.57479	1025.184
0.58185	1025.184
0.58605	1025.184
0.59081	1025.184
0.59582	1025.184
0.60015	1025.184
0.60392	1025.184
0.60769	1025.184
0.61249	1025.184
0.61741	1025.184
0.62451	1025.184
0.63117	1025.184
0.63558	1025.184
0.63984	1025.184
0.64416	1025.184
0.64902	1025.184
0.65549	1025.184
0.65984	1025.184
0.6641	1025.184
0.67117	1025.184
0.67536	1025.184
0.67896	1025.184
0.68478	1025.184
0.6904	1025.184
0.69483	1025.184
0.69952	1025.184
0.70343	1025.184
0.71085	1025.184
0.71499	1025.184
0.71918	1025.184
0.7235	1025.184
0.72677	1025.184
0.73092	1025.184
0.73443	1025.184
0.73819	1025.184
0.74231	1025.184
0.74592	1025.184
0.75003	1025.184
0.75367	1025.184
0.75776	1025.184
0.76134	1025.184
0.76641	1025.184
0.77043	1025.184
0.77536	1025.184
0.78015	1025.184
0.78382	1025.184
0.78874	1025.184
0.79229	1025.184
0.79913	1025.184
0.8039	1025.184
0.80832	1025.184
0.81396	1025.184
0.8177	1025.184
0.82178	1025.184
0.82517	1025.184
0.82872	1025.184
0.83258	1025.184
0.83666	1025.184
0.8411	1025.184
0.8476	1025.184
0.85221	1025.184
0.85701	1025.184
0.86096	1025.184
0.86444	1025.184
0.86777	1025.184
0.87182	1025.184
0.87551	1025.184
0.8796	1025.184
0.88406	1025.184
0.88772	1025.184
0.89182	1025.184
0.8956	1025.184
0.89978	1025.184
0.90336	1025.184
0.90836	1025.184
0.91159	1025.184
0.91613	1025.184
0.92063	1025.184
0.92629	1025.184
0.93225	1025.184
0.93682	1025.184
0.9405	1025.184
0.94678	1025.184
0.95099	1025.184
0.95507	1025.184
0.95913	1025.184
0.96307	1025.184
0.9687	1025.184
0.97314	1025.184
0.97719	1025.184
0.98075	1025.184
0.98437	1025.184
0.99138	1025.184
0.99868	1025.184
1.00482	1025.184
1.00963	1025.184
1.01396	1025.184
1.01904	1025.184
1.02319	1025.184
1.0273	1025.184
1.03238	1025.184
1.03686	1025.184
1.04117	1025.184
1.04763	1025.184
1.05512	1025.184
1.05926	1025.184
1.06424	1025.184
1.06868	1025.184
1.07337	1025.184
1.07832	1025.184
1.08205	1025.184
1.08651	1025.184
1.09103	1025.184
1.09546	1025.184
1.09984	1025.184
1.10379	1025.184
1.1076	1025.184
1.11233	1025.184
1.11613	1025.184
1.12024	1025.184
1.12393	1025.184
1.12817	1025.184
1.13165	1025.184
1.1358	1025.184
1.14001	1025.184
1.14452	1025.184
1.14783	1025.184
1.15213	1025.184
1.15578	1025.184
1.16047	1025.184
1.16458	1025.184
1.17071	1025.184
1.1754	1025.184
1.17913	1025.184
1.18346	1025.184
1.18694	1025.184
1.19177	1025.184
1.19506	1025.184
1.19949	1025.184
1.2029	1025.184
1.20688	1025.184
1.21072	1025.184
1.21493	1025.184
1.21841	1025.184
1.22383	1025.184
1.22759	1025.184
1.23256	1025.184
1.23681	1025.184
1.24128	1025.184
1.24555	1025.184
1.24991	1025.184
1.25387	1025.184
1.25808	1025.184
1.26327	1025.184
1.26833	1025.184
1.27345	1025.184
1.27726	1025.184
1.28085	1025.184
1.28471	1025.184
1.29016	1025.184
1.29397	1025.184
1.29792	1025.184
1.30179	1025.184
1.30587	1025.184
1.30973	1025.184
1.31331	1025.184
1.31738	1025.184
1.32155	1025.184
1.32517	1025.184
1.32879	1025.184
1.33234	1025.184
1.33611	1025.184
1.33983	1025.184
1.34352	1025.184
1.34716	1025.184
1.35026	1025.184
1.35555	1025.184
1.35905	1025.184
1.3626	1025.184
1.36562	1025.184
1.36967	1025.184
1.37331	1025.184
1.37669	1025.184
1.37963	1025.184
1.38442	1025.184
1.38787	1025.184
1.39191	1025.184
1.39571	1025.184
1.4001	1025.184
1.40519	1025.184
1.40978	1025.184
1.41516	1025.184
1.41893	1025.184
1.42312	1025.184
1.42726	1025.184
1.43303	1025.184
1.43705	1025.184
1.44043	1025.184
1.44477	1025.184
1.45063	1025.184
1.45699	1025.184
1.46081	1025.184
1.46449	1025.184
1.46855	1025.184
1.4727	1025.184
1.47636	1025.184
1.48015	1025.184
1.48362	1025.184
1.48768	1025.184
1.49191	1025.184
1.49575	1025.184
1.49938	1025.184
1.50377	1025.184
1.50712	1025.184
1.51165	1025.184
1.51566	1025.184
1.51958	1025.184
1.52308	1025.184
1.52755	1025.184
1.53093	1025.184
1.53593	1025.184
1.5394	1025.184
1.54331	1025.184
1.547	1025.184
1.55233	1025.184
1.55743	1025.184
1.5625	1025.184
1.56692	1025.184
1.57065	1025.184
1.57388	1025.184
1.57805	1025.184
1.58216	1025.184
1.58637	1025.184
1.58986	1025.184
1.59389	1025.184
1.59706	1025.184
1.601	1025.184
1.60492	1025.184
1.60836	1025.184
1.61185	1025.184
1.6159	1025.184
1.623	1025.184
1.62964	1025.184
1.6337	1025.184
1.63921	1025.184
1.64318	1025.184
1.64805	1025.184
1.65177	1025.184
1.65577	1025.184
1.65959	1025.184
1.66376	1025.184
1.6677	1025.184
1.67169	1025.184
1.67619	1025.184
1.68037	1025.184
1.68376	1025.184
1.68859	1025.184
1.69209	1025.184
1.69637	1025.184
1.7037	1025.184
1.70897	1025.184
1.71263	1025.184
1.71878	1025.184
1.72277	1025.184
1.72619	1025.184
1.72915	1025.184
1.73255	1025.184
1.73874	1025.184
1.74269	1025.184
1.74661	1025.184
1.75015	1025.184
1.75394	1025.184
1.75806	1025.184
1.7613	1025.184
1.76543	1025.184
1.7697	1025.184
1.77412	1025.184
1.77853	1025.184
1.7838	1025.184
1.7873	1025.184
1.79133	1025.184
1.79512	1025.184
1.79933	1025.184
1.80269	1025.184
1.80578	1025.184
1.80978	1025.184
1.81292	1025.184
1.81657	1025.184
1.8199	1025.184
1.82418	1025.184
1.82769	1025.184
1.83169	1025.184
1.83512	1025.184
1.83955	1025.184
1.84453	1025.184
1.84878	1025.184
1.85308	1025.184
1.85681	1025.184
1.86109	1025.184
1.86535	1025.184
1.86917	1025.184
1.87351	1025.184
1.87813	1025.184
1.88183	1025.184
1.88581	1025.184
1.89095	1025.184
1.89458	1025.184
1.89782	1025.184
1.9031	1025.184
1.90696	1025.184
1.911	1025.184
1.91474	1025.184
1.9194	1025.184
1.92356	1025.184
1.92757	1025.184
1.93238	1025.184
1.93862	1025.184
1.94451	1025.184
1.94902	1025.184
1.95282	1025.184
1.95657	1025.184
1.95989	1025.184
1.96376	1025.184
1.96736	1025.184
1.97146	1025.184
1.97485	1025.184
1.978	1025.184
1.98196	1025.184
1.98542	1025.184
1.98954	1025.184
1.99316	1025.184
1.99719	1025.184
2.00064	1025.184
2.00392	1025.184
2.00751	1025.184
2.01152	1025.184
2.0151	1025.184
2.01956	1025.184
2.02367	1025.184
2.02854	1025.184
2.0342	1025.184
2.03998	1025.184
2.0445	1025.184
2.04824	1025.184
2.05193	1025.184
2.05517	1025.184
2.05979	1025.184
2.06388	1025.184
2.06823	1025.184
2.07176	1025.184
2.07597	1025.184
2.07985	1025.184
2.08613	1025.184
2.09266	1025.184
2.09707	1025.184
2.10079	1025.184
2.10481	1025.184
2.10823	1025.184
2.11195	1025.184
2.11744	1025.184
2.12459	1025.184
2.13074	1025.184
2.1341	1025.184
2.13765	1025.184
2.14121	1025.184
2.14461	1025.184
2.14808	1025.184
2.1516	1025.184
2.15541	1025.184
2.15893	1025.184
2.16256	1025.184
2.16577	1025.184
2.16925	1025.184
2.17262	1025.184
2.17604	1025.184
2.17935	1025.184
2.18221	1025.184
2.18524	1025.184
2.1882	1025.184
2.19116	1025.184
2.19481	1025.184
2.19787	1025.184
2.20087	1025.184
2.20387	1025.184
2.20696	1025.184
2.21086	1025.184
2.21386	1025.184
2.21699	1025.184
2.22313	1025.184
2.22631	1025.184
2.2295	1025.184
2.23244	1025.184
2.23662	1025.184
2.23949	1025.184
2.24296	1025.184
2.24601	1025.184
2.24892	1025.184
2.2519	1025.184
2.25497	1025.184
2.25896	1025.184
2.26225	1025.184
2.26597	1025.184
2.26975	1025.184
2.27256	1025.184
2.2755	1025.184
2.27848	1025.184
2.2817	1025.184
2.28555	1025.184
2.28852	1025.184
2.29238	1025.184
2.2956	1025.184
2.29939	1025.184
2.3025	1025.184
2.30541	1025.184
2.3089	1025.184
2.31187	1025.184
2.31562	1025.184
2.31944	1025.184
2.32257	1025.184
2.32574	1025.184
2.32949	1025.184
2.33276	1025.184
2.33651	1025.184
2.33958	1025.184
2.34344	1025.184
2.34662	1025.184
2.34966	1025.184
2.35378	1025.184
2.35771	1025.184
2.3607	1025.184
2.36452	1025.184
2.36768	1025.184
2.37151	1025.184
2.37464	1025.184
2.378	1025.184
2.38177	1025.184
2.38486	1025.184
2.38785	1025.184
2.39081	1025.184
2.39371	1025.184
2.39748	1025.184
2.40052	1025.184
2.40437	1025.184
2.40749	1025.184
2.41141	1025.184
2.4147	1025.184
2.4177	1025.184
2.42152	1025.184
2.42524	1025.184
2.42867	1025.184
2.43183	1025.184
2.43561	1025.184
2.43875	1025.184
2.44336	1025.184
2.44646	1025.184
2.44968	1025.184
2.45362	1025.184
2.45739	1025.184
2.46075	1025.184
2.46671	1025.184
2.46963	1025.184
2.47306	1025.184
2.47611	1025.184
2.4795	1025.184
2.48267	1025.184
2.48582	1025.184
2.48966	1025.184
2.49273	1025.184
2.49853	1025.184
2.50167	1025.184
2.50543	1025.184
2.50845	1025.184
2.51167	1025.184
2.51515	1025.184
2.51817	1025.184
2.52114	1025.184
2.52438	1025.184
2.52817	1025.184
2.53147	1025.184
2.53541	1025.184
2.5394	1025.184
2.54256	1025.184
2.54556	1025.184
2.5493	1025.184
2.55286	1025.184
2.55626	1025.184
2.55978	1025.184
2.56343	1025.184
2.56728	1025.184
2.57107	1025.184
2.57529	1025.184
2.57848	1025.184
2.58156	1025.184
2.58542	1025.184
2.5884	1025.184
2.59224	1025.184
2.59637	1025.184
2.59959	1025.184
2.60333	1025.184
2.60676	1025.184
2.60971	1025.184
2.61354	1025.184
2.61653	1025.184
2.61984	1025.184
2.62321	1025.184
2.62702	1025.184
2.63071	1025.184
2.63364	1025.184
2.63752	1025.184
2.6405	1025.184
2.64448	1025.184
2.64776	1025.184
2.65201	1025.184
2.65559	1025.184
2.65957	1025.184
2.66279	1025.184
2.66576	1025.184
2.66955	1025.184
2.67302	1025.184
2.67645	1025.184
2.67988	1025.184
2.68288	1025.184
2.6859	1025.184
2.68971	1025.184
2.69351	1025.184
2.69645	1025.184
2.70048	1025.184
2.70359	1025.184
2.70741	1025.184
2.71127	1025.184
2.71628	1025.184
2.71927	1025.184
2.72249	1025.184
2.72526	1025.184
2.72834	1025.184
2.73142	1025.184
2.73461	1025.184
2.73767	1025.184
2.7408	1025.184
2.74452	1025.184
2.74841	1025.184
2.75166	1025.184
2.75473	1025.184
2.75877	1025.184
2.7617	1025.184
2.76542	1025.184
2.76884	1025.184
2.77183	1025.184
2.77534	1025.184
2.77903	1025.184
2.78255	1025.184
2.78534	1025.184
2.78877	1025.184
2.79182	1025.184
2.7956	1025.184
2.79912	1025.184
2.80344	1025.184
2.80661	1025.184
2.80939	1025.184
2.81271	1025.184
2.81549	1025.184
2.81992	1025.184
2.82288	1025.184
2.82606	1025.184
2.82989	1025.184
2.83409	1025.184
2.83841	1025.184
2.84177	1025.184
2.84599	1025.184
2.84945	1025.184
2.85368	1025.184
2.857	1025.184
2.861	1025.184
2.86498	1025.184
2.869	1025.184
2.87291	1025.184
2.87699	1025.184
2.88107	1025.184
2.88484	1025.184
2.88895	1025.184
2.89288	1025.184
2.89665	1025.184
2.90057	1025.184
2.90519	1025.184
2.90919	1025.184
2.9134	1025.184
2.91734	1025.184
2.92136	1025.184
2.9258	1025.184
2.92919	1025.184
2.93308	1025.184
2.93668	1025.184
2.93998	1025.184
2.94423	1025.184
2.94746	1025.184
2.95142	1025.184
2.95466	1025.184
2.95772	1025.184
2.96153	1025.184
2.96466	1025.184
2.9678	1025.184
2.97143	1025.184
2.97472	1025.184
2.9776	1025.184
2.98109	1025.184
2.9845	1025.184
2.98873	1025.184
2.9919	1025.184
2.99549	1025.184
2.99872	1025.184
3.00175	1025.184
3.00555	1025.184
3.00865	1025.184
3.01226	1025.184
3.01584	1025.184
3.01957	1025.184
3.02353	1025.184
3.02712	1025.184
3.03116	1025.184
3.03428	1025.184
3.0378	1025.184
3.04161	1025.184
3.04463	1025.184
3.04785	1025.184
3.05119	1025.184
3.05505	1025.184
3.05832	1025.184
3.0612	1025.184
3.06467	1025.184
3.06818	1025.184
3.07195	1025.184
3.0757	1025.184
3.0797	1025.184
3.0828	1025.184
3.08572	1025.184
3.08972	1025.184
3.09273	1025.184
3.09861	1025.184
3.10147	1025.184
3.10491	1025.184
3.10794	1025.184
3.11179	1025.184
3.11496	1025.184
3.11954	1025.184
3.12352	1025.184
3.12735	1025.184
3.13068	1025.184
3.13374	1025.184
3.13764	1025.184
3.14054	1025.184
3.14429	1025.184
3.14769	1025.184
3.15151	1025.184
3.15467	1025.184
3.15767	1025.184
3.16139	1025.184
3.16455	1025.184
3.16849	1025.184
3.17169	1025.184
3.17546	1025.184
3.17884	1025.184
3.18183	1025.184
3.18565	1025.184
3.1886	1025.184
3.19183	1025.184
3.19477	1025.184
3.19777	1025.184
3.20175	1025.184
3.20458	1025.184
3.20837	1025.184
3.21161	1025.184
3.21542	1025.184
3.21858	1025.184
3.2221	1025.184
3.22718	1025.184
3.23085	1025.184
3.23505	1025.184
3.23874	1025.184
3.24292	1025.184
3.24829	1025.184
3.25198	1025.184
3.25611	1025.184
3.25954	1025.184
3.26382	1025.184
3.26768	1025.184
3.27148	1025.184
3.27467	1025.184
3.27891	1025.184
3.28263	1025.184
3.2861	1025.184
3.29031	1025.184
3.29383	1025.184
3.29832	1025.184
3.30168	1025.184
3.30621	1025.184
3.30984	1025.184
3.31404	1025.184
3.31751	1025.184
3.32148	1025.184
3.32494	1025.184
3.32842	1025.184
3.33145	1025.184
3.33588	1025.184
3.33953	1025.184
3.34352	1025.184
3.34695	1025.184
3.34988	1025.184
3.35378	1025.184
3.35791	1025.184
3.36176	1025.184
3.36513	1025.184
3.36837	1025.184
3.3715	1025.184
3.37509	1025.184
3.37899	1025.184
3.38281	1025.184
3.38593	1025.184
3.38907	1025.184
3.39243	1025.184
3.39621	1025.184
3.3995	1025.184
3.4035	1025.184
3.40673	1025.184
3.40969	1025.184
3.41352	1025.184
3.4166	1025.184
3.42257	1025.184
3.42554	1025.184
3.42971	1025.184
3.43267	1025.184
3.43577	1025.184
3.43911	1025.184
3.44289	1025.184
3.44598	1025.184
3.44883	1025.184
3.45465	1025.184
3.45753	1025.184
3.46138	1025.184
3.46437	1025.184
3.46797	1025.184
3.47118	1025.184
3.4751	1025.184
3.4782	1025.184
3.48143	1025.184
3.48463	1025.184
3.48837	1025.184
3.49281	1025.184
3.49575	1025.184
3.49958	1025.184
3.50303	1025.184
3.50614	1025.184
3.51048	1025.184
3.51516	1025.184
3.51843	1025.184
3.52133	1025.184
3.52474	1025.184
3.52772	1025.184
3.5315	1025.184
3.53541	1025.184
3.53881	1025.184
3.54175	1025.184
3.54561	1025.184
3.54929	1025.184
3.55253	1025.184
3.55654	1025.184
3.55962	1025.184
3.5633	1025.184
3.56673	1025.184
3.56959	1025.184
3.57332	1025.184
3.57678	1025.184
3.57977	1025.184
3.58282	1025.184
3.58573	1025.184
3.58975	1025.184
3.59261	1025.184
3.59624	1025.184
3.59955	1025.184
3.60405	1025.184
3.6076	1025.184
3.61146	1025.184
3.61483	1025.184
3.61787	1025.184
3.622	1025.184
3.62506	1025.184
3.62851	1025.184
3.63238	1025.184
3.63599	1025.184
3.6399	1025.184
3.64309	1025.184
3.6464	1025.184
3.64968	1025.184
3.6535	1025.184
3.65653	1025.184
3.66045	1025.184
3.66431	1025.184
3.66807	1025.184
3.67131	1025.184
3.67511	1025.184
3.67885	1025.184
3.68316	1025.184
3.68681	1025.184
3.69009	1025.184
3.69403	1025.184
3.69739	1025.184
3.70145	1025.184
3.7057	1025.184
3.70973	1025.184
3.7128	1025.184
3.71637	1025.184
3.71963	1025.184
3.72334	1025.184
3.72664	1025.184
3.72974	1025.184
3.73356	1025.184
3.73697	1025.184
3.74038	1025.184
3.74448	1025.184
3.74755	1025.184
3.75138	1025.184
3.75474	1025.184
3.75759	1025.184
3.76134	1025.184
3.76429	1025.184
3.76813	1025.184
3.77168	1025.184
3.77579	1025.184
3.779	1025.184
3.78291	1025.184
3.78611	1025.184
3.78958	1025.184
3.7935	1025.184
3.79649	1025.184
3.8004	1025.184
3.80356	1025.184
3.80737	1025.184
3.81057	1025.184
3.81369	1025.184
3.81764	1025.184
3.82067	1025.184
3.82382	1025.184
3.82675	1025.184
3.8297	1025.184
3.83353	1025.184
3.83701	1025.184
3.84047	1025.184
3.84347	1025.184
3.8473	1025.184
3.85073	1025.184
3.85484	1025.184
3.85809	1025.184
3.86149	1025.184
3.86549	1025.184
3.86973	1025.184
3.87264	1025.184
3.87868	1025.184
3.88182	1025.184
3.88563	1025.184
3.88904	1025.184
3.89228	1025.184
3.89526	1025.184
3.89941	1025.184
3.9026	1025.184
3.90562	1025.184
3.90944	1025.184
3.91255	1025.184
3.91574	1025.184
3.91862	1025.184
3.92164	1025.184
3.92541	1025.184
3.92919	1025.184
3.93248	1025.184
3.93615	1025.184
3.93968	1025.184
3.94281	1025.184
3.94578	1025.184
3.94948	1025.184
3.95304	1025.184
3.95643	1025.184
3.95952	1025.184
3.96323	1025.184
3.96653	1025.184
3.96961	1025.184
3.97349	1025.184
3.97625	1025.184
3.98012	1025.184
3.98346	1025.184
3.98773	1025.184
3.99077	1025.184
3.99375	1025.184
3.99754	1025.184
4.00115	1025.184
4.00455	1025.184
4.00772	1025.184
4.01141	1025.184
4.01479	1025.184
4.01768	1025.184
4.02141	1025.184
4.02538	1025.184
4.02919	1025.184
4.03227	1025.184
4.03617	1025.184
4.03932	1025.184
4.04297	1025.184
4.04615	1025.184
4.04953	1025.184
4.05345	1025.184
4.05632	1025.184
4.06026	1025.184
4.06392	1025.184
4.06772	1025.184
4.07084	1025.184
4.07392	1025.184
4.07782	1025.184
4.08137	1025.184
4.08481	1025.184
4.08767	1025.184
4.0915	1025.184
4.09469	1025.184
4.09789	1025.184
4.10172	1025.184
4.10459	1025.184
4.10845	1025.184
4.11165	1025.184
4.11552	1025.184
4.1187	1025.184
4.12168	1025.184
4.12548	1025.184
4.12835	1025.184
4.13221	1025.184
4.13579	1025.184
4.13958	1025.184
4.14277	1025.184
4.14574	1025.184
4.14909	1025.184
4.15236	1025.184
4.15587	1025.184
4.16031	1025.184
4.16401	1025.184
4.16698	1025.184
4.16995	1025.184
4.17377	1025.184
4.17665	1025.184
4.18053	1025.184
4.18366	1025.184
4.18748	1025.184
4.19066	1025.184
4.19357	1025.184
4.19729	1025.184
4.20017	1025.184
4.20387	1025.184
4.20701	1025.184
4.20993	1025.184
4.21374	1025.184
4.21707	1025.184
4.22043	1025.184
4.22355	1025.184
4.22722	1025.184
4.23053	1025.184
4.23353	1025.184
4.23737	1025.184
4.2408	1025.184
4.24421	1025.184
4.25062	1025.184
4.25348	1025.184
4.2574	1025.184
4.26064	1025.184
4.26411	1025.184
4.26753	1025.184
4.27114	1025.184
4.27442	1025.184
4.27762	1025.184
4.28149	1025.184
4.28447	1025.184
4.28826	1025.184
4.29172	1025.184
4.29538	1025.184
4.29897	1025.184
4.30202	1025.184
4.30592	1025.184
4.30927	1025.184
4.31274	1025.184
4.31581	1025.184
4.31955	1025.184
4.32263	1025.184
4.32555	1025.184
4.3294	1025.184
4.33242	1025.184
4.33639	1025.184
4.33965	1025.184
4.34333	1025.184
4.35248	1025.184
4.35666	1025.184
4.3627	1025.184
4.36638	1025.184
4.3695	1025.184
4.37252	1025.184
4.37555	1025.184
4.3785	1025.184
4.38169	1025.184
4.38567	1025.184
4.38886	1025.184
4.39185	1025.184
4.39494	1025.184
4.39854	1025.184
4.40171	1025.184
4.40567	1025.184
4.41035	1025.184
4.42047	1025.184
4.42692	1025.184
4.43249	1025.184
4.43604	1025.184
4.44074	1025.184
4.44461	1025.184
4.44857	1025.184
4.45196	1025.184
4.45643	1025.184
4.45997	1025.184
4.46425	1025.184
4.46864	1025.184
4.47184	1025.184
4.47585	1025.184
4.47983	1025.184
4.48515	1025.184
4.49009	1025.184
4.49637	1025.184
4.50035	1025.184
4.50488	1025.184
4.50924	1025.184
4.51428	1025.184
4.51866	1025.184
4.52206	1025.184
4.52657	1025.184
4.53	1025.184
4.53555	1025.184
4.54294	1025.184
4.54874	1025.184
4.5534	1025.184
4.5588	1025.184
4.56344	1025.184
4.56775	1025.184
4.57255	1025.184
4.57588	1025.184
4.58121	1025.184
4.58704	1025.184
4.59154	1025.184
4.5959	1025.184
4.60095	1025.184
4.60513	1025.184
4.60989	1025.184
4.6164	1025.184
4.62163	1025.184
4.62492	1025.184
4.62967	1025.184
4.63527	1025.184
4.6395	1025.184
4.64327	1025.184
4.65026	1025.184
4.65689	1025.184
4.66299	1025.184
4.66832	1025.184
4.67408	1025.184
4.67915	1025.184
4.68341	1025.184
4.68768	1025.184
4.69095	1025.184
4.69526	1025.184
4.6987	1025.184
4.7033	1025.184
4.70695	1025.184
4.71133	1025.184
4.71507	1025.184
4.71919	1025.184
4.72315	1025.184
4.72782	1025.184
4.73143	1025.184
4.73611	1025.184
4.74026	1025.184
4.74456	1025.184
4.74884	1025.184
4.75252	1025.184
4.75677	1025.184
4.76125	1025.184
4.7651	1025.184
4.76846	1025.184
4.77498	1025.184
4.77962	1025.184
4.78427	1025.184
4.78824	1025.184
4.79281	1025.184
4.79673	1025.184
4.80052	1025.184
4.80477	1025.184
4.80856	1025.184
4.81261	1025.184
4.8168	1025.184
4.82053	1025.184
4.82509	1025.184
4.829	1025.184
4.83274	1025.184
4.83648	1025.184
4.84035	1025.184
4.84367	1025.184
4.84803	1025.184
4.85184	1025.184
4.85674	1025.184
4.8611	1025.184
4.8653	1025.184
4.86973	1025.184
4.87385	1025.184
4.87706	1025.184
4.88068	1025.184
4.88464	1025.184
4.89073	1025.184
4.89509	1025.184
4.89905	1025.184
4.90343	1025.184
4.90834	1025.184
4.91471	1025.184
4.91914	1025.184
4.92352	1025.184
4.928	1025.184
4.93244	1025.184
4.93871	1025.184
4.94372	1025.184
4.94835	1025.184
4.95194	1025.184
4.95781	1025.184
4.96428	1025.184
4.96943	1025.184
4.97296	1025.184
4.97666	1025.184
4.98022	1025.184
4.98457	1025.184
4.98823	1025.184
4.99282	1025.184
4.99688	1025.184
5.00099	1025.184
5.00536	1025.184
5.00964	1025.184
5.01386	1025.184
5.01734	1025.184
5.02097	1025.184
5.02491	1025.184
5.02874	1025.184
5.03293	1025.184
5.03659	1025.184
5.0404	1025.184
5.04428	1025.184
5.04839	1025.184
5.05243	1025.184
5.05599	1025.184
5.06077	1025.184
5.06459	1025.184
5.06785	1025.184
5.07192	1025.184
5.07735	1025.184
5.08394	1025.184
5.08854	1025.184
5.09272	1025.184
5.09686	1025.184
5.10079	1025.184
5.1045	1025.184
5.10875	1025.184
5.11231	1025.184
5.11646	1025.184
5.12291	1025.184
5.12666	1025.184
5.13112	1025.184
5.13596	1025.184
5.14029	1025.184
5.14435	1025.184
5.15028	1025.184
5.15584	1025.184
5.16321	1025.184
5.16756	1025.184
5.17173	1025.184
5.17628	1025.184
5.17995	1025.184
5.18411	1025.184
5.18849	1025.184
5.19319	1025.184
5.19929	1025.184
5.20553	1025.184
5.21074	1025.184
5.21689	1025.184
5.22119	1025.184
5.22615	1025.184
5.23124	1025.184
5.23538	1025.184
5.23956	1025.184
5.24408	1025.184
5.24882	1025.184
5.25266	1025.184
5.25664	1025.184
5.26049	1025.184
5.26756	1025.184
5.27187	1025.184
5.27689	1025.184
5.28294	1025.184
5.28757	1025.184
5.29202	1025.184
5.29622	1025.184
5.30092	1025.184
5.3052	1025.184
5.30892	1025.184
5.31228	1025.184
5.31639	1025.184
5.32011	1025.184
5.32782	1025.184
5.33237	1025.184
5.3367	1025.184
5.34192	1025.184
5.34763	1025.184
5.35584	1025.184
5.36197	1025.184
5.36827	1025.184
5.37816	1025.184
5.38833	1025.184
5.39563	1025.184
5.4004	1025.184
5.4072	1025.184
5.41293	1025.184
5.41808	1025.184
5.42377	1025.184
5.43183	1025.184
5.43895	1025.184
5.44357	1025.184
5.44888	1025.184
5.45522	1025.184
5.46103	1025.184
5.46676	1025.184
5.47215	1025.184
5.47902	1025.184
5.48397	1025.184
5.48905	1025.184
5.49684	1025.184
5.50789	1025.184
5.51281	1025.184
5.5175	1025.184
5.5227	1025.184
5.52856	1025.184
5.53371	1025.184
5.5387	1025.184
5.5446	1025.184
5.54986	1025.184
5.5593	1025.184
5.56505	1025.184
5.56999	1025.184
5.57472	1025.184
5.57909	1025.184
5.58414	1025.184
5.58993	1025.184
5.59662	1025.184
5.60108	1025.184
5.60687	1025.184
5.61544	1025.184
5.62139	1025.184
5.62665	1025.184
5.63134	1025.184
5.63746	1025.184
5.64231	1025.184
5.6481	1025.184
5.65305	1025.184
5.65708	1025.184
5.66137	1025.184
5.66675	1025.184
5.67055	1025.184
5.67552	1025.184
5.68056	1025.184
5.68491	1025.184
5.69024	1025.184
5.69511	1025.184
5.702	1025.184
5.70762	1025.184
5.71396	1025.184
5.71856	1025.184
5.72612	1025.184
5.73172	1025.184
5.73938	1025.184
5.74699	1025.184
5.75296	1025.184
5.75743	1025.184
5.76365	1025.184
5.76811	1025.184
5.77482	1025.184
5.78052	1025.184
5.78517	1025.184
5.79049	1025.184
5.79628	1025.184
5.80104	1025.184
5.80566	1025.184
5.81242	1025.184
5.81812	1025.184
5.82418	1025.184
5.82973	1025.184
5.8328	1025.184
5.83614	1025.184
5.83988	1025.184
5.84432	1025.184
5.84799	1025.184
5.85161	1025.184
5.8555	1025.184
5.86015	1025.184
5.8636	1025.184
5.8681	1025.184
5.87251	1025.184
5.87649	1025.184
5.8803	1025.184
5.88482	1025.184
5.88876	1025.184
5.89254	1025.184
5.897	1025.184
5.9013	1025.184
5.90588	1025.184
5.91002	1025.184
5.91424	1025.184
5.91801	1025.184
5.92279	1025.184
5.92727	1025.184
5.93147	1025.184
5.93603	1025.184
5.94071	1025.184
5.94482	1025.184
5.94861	1025.184
5.95501	1025.184
5.96139	1025.184
5.96688	1025.184
5.97198	1025.184
5.97673	1025.184
5.9807	1025.184
5.98519	1025.184
5.99001	1025.184
5.9943	1025.184
5.99785	1025.184
6.0022	1025.184
6.0057	1025.184
6.01032	1025.184
6.01399	1025.184
6.01949	1025.184
6.02375	1025.184
6.02938	1025.184
6.03392	1025.184
6.03878	1025.184
6.04308	1025.184
6.04665	1025.184
6.05099	1025.184
6.06033	1025.184
6.06601	1025.184
6.07093	1025.184
6.07476	1025.184
6.07852	1025.184
6.08243	1025.184
6.08713	1025.184
6.09105	1025.184
6.09498	1025.184
6.09907	1025.184
6.10289	1025.184
6.10736	1025.184
6.11067	1025.184
6.11423	1025.184
6.11923	1025.184
6.12345	1025.184
6.12763	1025.184
6.13183	1025.184
6.13641	1025.184
6.14008	1025.184
6.14646	1025.184
6.15268	1025.184
6.15762	1025.184
6.1623	1025.184
6.16834	1025.184
6.17553	1025.184
6.18093	1025.184
6.18573	1025.184
6.19023	1025.184
6.19578	1025.184
6.20141	1025.184
6.20563	1025.184
6.20999	1025.184
6.21514	1025.184
6.22073	1025.184
6.22508	1025.184
6.22919	1025.184
6.23291	1025.184
6.23699	1025.184
6.24221	1025.184
6.24696	1025.184
6.25136	1025.184
6.25476	1025.184
6.259	1025.184
6.26354	1025.184
6.26796	1025.184
6.27212	1025.184
6.27672	1025.184
6.28168	1025.184
6.28576	1025.184
6.28949	1025.184
6.29295	1025.184
6.29653	1025.184
6.30039	1025.184
6.30826	1025.184
6.31422	1025.184
6.31941	1025.184
6.32412	1025.184
6.32878	1025.184
6.33266	1025.184
6.338	1025.184
6.34375	1025.184
6.34757	1025.184
6.35285	1025.184
6.35668	1025.184
6.36211	1025.184
6.3661	1025.184
6.37155	1025.184
6.37694	1025.184
6.38253	1025.184
6.38737	1025.184
6.39278	1025.184
6.39791	1025.184
6.40192	1025.184
6.40733	1025.184
6.41241	1025.184
6.41762	1025.184
6.42373	1025.184
6.42823	1025.184
6.43261	1025.184
6.43964	1025.184
6.44421	1025.184
6.44837	1025.184
6.45336	1025.184
6.45798	1025.184
6.4621	1025.184
6.46953	1025.184
6.47415	1025.184
6.4796	1025.184
6.48417	1025.184
6.48872	1025.184
6.49311	1025.184
6.49873	1025.184
6.50491	1025.184
6.50886	1025.184
6.5138	1025.184
6.51819	1025.184
6.52183	1025.184
6.52623	1025.184
6.52982	1025.184
6.53401	1025.184
6.53793	1025.184
6.54254	1025.184
6.54609	1025.184
6.55133	1025.184
6.55647	1025.184
6.56099	1025.184
6.56554	1025.184
6.57186	1025.184
6.5772	1025.184
6.58169	1025.184
6.58615	1025.184
6.59062	1025.184
6.5952	1025.184
6.60062	1025.184
6.60514	1025.184
6.60898	1025.184
6.61638	1025.184
6.62004	1025.184
6.62456	1025.184
6.62795	1025.184
6.63229	1025.184
6.63649	1025.184
6.64079	1025.184
6.64536	1025.184
6.64952	1025.184
6.65548	1025.184
6.66078	1025.184
6.66512	1025.184
6.66903	1025.184
6.67296	1025.184
6.67913	1025.184
6.68509	1025.184
6.68932	1025.184
6.69313	1025.184
6.69679	1025.184
6.70094	1025.184
6.70482	1025.184
6.71012	1025.184
6.7168	1025.184
6.72119	1025.184
6.72447	1025.184
6.73088	1025.184
6.73536	1025.184
6.73936	1025.184
6.74326	1025.184
6.74722	1025.184
6.75172	1025.184
6.75586	1025.184
6.76082	1025.184
6.76526	1025.184
6.77009	1025.184
6.77479	1025.184
6.78112	1025.184
6.78654	1025.184
6.79195	1025.184
6.79642	1025.184
6.80035	1025.184
6.80428	1025.184
6.80916	1025.184
6.81312	1025.184
6.81724	1025.184
6.8212	1025.184
6.82521	1025.184
6.82963	1025.184
6.83386	1025.184
6.83818	1025.184
6.84281	1025.184
6.84722	1025.184
6.85087	1025.184
6.85573	1025.184
6.86216	1025.184
6.86897	1025.184
6.87305	1025.184
6.87834	1025.184
6.88362	1025.184
6.88889	1025.184
6.8929	1025.184
6.89659	1025.184
6.90089	1025.184
6.90487	1025.184
6.90823	1025.184
6.91271	1025.184
6.91802	1025.184
6.92264	1025.184
6.92713	1025.184
6.93211	1025.184
6.93622	1025.184
6.94031	1025.184
6.94381	1025.184
6.94876	1025.184
6.95311	1025.184
6.95778	1025.184
6.96284	1025.184
6.96761	1025.184
6.97189	1025.184
6.97616	1025.184
6.98061	1025.184
6.98524	1025.184
6.98985	1025.184
6.99402	1025.184
6.99793	1025.184
7.00166	1025.184
7.00659	1025.184
7.01295	1025.184
7.02032	1025.184
7.0248	1025.184
7.0299	1025.184
7.03595	1025.184
7.04138	1025.184
7.04635	1025.184
7.05058	1025.184
7.05458	1025.184
7.05869	1025.184
7.06278	1025.184
7.06626	1025.184
7.06986	1025.184
7.07501	1025.184
7.07975	1025.184
7.08583	1025.184
7.09167	1025.184
7.09683	1025.184
7.10096	1025.184
7.10485	1025.184
7.10858	1025.184
7.11322	1025.184
7.11816	1025.184
7.12257	1025.184
7.12864	1025.184
7.13312	1025.184
7.13725	1025.184
7.14127	1025.184
7.14569	1025.184
7.14932	1025.184
7.1539	1025.184
7.15763	1025.184
7.16195	1025.184
7.16756	1025.184
7.17131	1025.184
7.17574	1025.184
7.18017	1025.184
7.18432	1025.184
7.18806	1025.184
7.19247	1025.184
7.19713	1025.184
7.20115	1025.184
7.20553	1025.184
7.20967	1025.184
7.21361	1025.184
7.21892	1025.184
7.22357	1025.184
7.22821	1025.184
7.23379	1025.184
7.2389	1025.184
7.24588	1025.184
7.25307	1025.184
7.25893	1025.184
7.26585	1025.184
7.27252	1025.184
7.27672	1025.184
7.28068	1025.184
7.28445	1025.184
7.29175	1025.184
7.29562	1025.184
7.3014	1025.184
7.30636	1025.184
7.31004	1025.184
7.31384	1025.184
7.31786	1025.184
7.32169	1025.184
7.32582	1025.184
7.32928	1025.184
7.33302	1025.184
7.33667	1025.184
7.34245	1025.184
7.34781	1025.184
7.35294	1025.184
7.35707	1025.184
7.36108	1025.184
7.3682	1025.184
7.37308	1025.184
7.37684	1025.184
7.3807	1025.184
7.38596	1025.184
7.3914	1025.184
7.39808	1025.184
7.40305	1025.184
7.40874	1025.184
7.41252	1025.184
7.41578	1025.184
7.42019	1025.184
7.42737	1025.184
7.43262	1025.184
7.43714	1025.184
7.44082	1025.184
7.44595	1025.184
7.45228	1025.184
7.45703	1025.184
7.46064	1025.184
7.46492	1025.184
7.46956	1025.184
7.47487	1025.184
7.47889	1025.184
7.48328	1025.184
7.48714	1025.184
7.49156	1025.184
7.49662	1025.184
7.50064	1025.184
7.50577	1025.184
7.5099	1025.184
7.51404	1025.184
7.51855	1025.184
7.52358	1025.184
7.52744	1025.184
7.53178	1025.184
7.53625	1025.184
7.54045	1025.184
7.54382	1025.184
7.54904	1025.184
7.5539	1025.184
7.55825	1025.184
7.56196	1025.184
7.56676	1025.184
7.57213	1025.184
7.57978	1025.184
7.58496	1025.184
7.59	1025.184
7.59686	1025.184
7.60306	1025.184
7.60784	1025.184
7.61287	1025.184
7.61765	1025.184
7.62288	1025.184
7.62702	1025.184
7.63142	1025.184
7.63556	1025.184
7.63955	1025.184
7.64357	1025.184
7.64794	1025.184
7.6528	1025.184
7.65654	1025.184
7.66049	1025.184
7.6652	1025.184
7.66975	1025.184
7.67319	1025.184
7.6789	1025.184
7.68252	1025.184
7.68599	1025.184
7.6901	1025.184
7.69504	1025.184
7.70051	1025.184
7.70671	1025.184
7.71143	1025.184
7.71593	1025.184
7.72075	1025.184
7.72551	1025.184
7.73017	1025.184
7.73385	1025.184
7.74068	1025.184
7.74676	1025.184
7.75138	1025.184
7.75653	1025.184
7.76168	1025.184
7.76595	1025.184
7.76994	1025.184
7.77498	1025.184
7.78173	1025.184
7.78677	1025.184
7.79215	1025.184
7.79638	1025.184
7.80342	1025.184
7.80785	1025.184
7.81229	1025.184
7.81627	1025.184
7.82256	1025.184
7.82675	1025.184
7.82996	1025.184
7.83373	1025.184
7.83855	1025.184
7.84403	1025.184
7.84844	1025.184
7.85193	1025.184
7.8556	1025.184
7.85993	1025.184
7.86441	1025.184
7.8713	1025.184
7.87819	1025.184
7.88341	1025.184
7.88793	1025.184
7.8919	1025.184
7.89596	1025.184
7.89996	1025.184
7.9044	1025.184
7.90888	1025.184
7.91511	1025.184
7.9198	1025.184
7.92415	1025.184
7.92809	1025.184
7.93202	1025.184
7.93631	1025.184
7.94096	1025.184
7.94707	1025.184
7.95341	1025.184
7.95797	1025.184
7.96348	1025.184
7.968	1025.184
7.97242	1025.184
7.97711	1025.184
7.98358	1025.184
7.98914	1025.184
7.99492	1025.184
7.99913	1025.184
8.00385	1025.184
8.00825	1025.184
8.01239	1025.184
8.01681	1025.184
8.0212	1025.184
8.02463	1025.184
8.02894	1025.184
8.03429	1025.184
8.03938	1025.184
8.04464	1025.184
8.04945	1025.184
8.05444	1025.184
8.05917	1025.184
8.06493	1025.184
8.06883	1025.184
8.07399	1025.184
8.08015	1025.184
8.0862	1025.184
8.09134	1025.184
8.09621	1025.184
8.1007	1025.184
8.10511	1025.184
8.10889	1025.184
8.11269	1025.184
8.11648	1025.184
8.12196	1025.184
8.1283	1025.184
8.13253	1025.184
8.1381	1025.184
8.14292	1025.184
8.14825	1025.184
8.15551	1025.184
8.15978	1025.184
8.16505	1025.184
8.16921	1025.184
8.17406	1025.184
8.17876	1025.184
8.18342	1025.184
8.18828	1025.184
8.19377	1025.184
8.19875	1025.184
8.20329	1025.184
8.20844	1025.184
8.2155	1025.184
8.22047	1025.184
8.22678	1025.184
8.2315	1025.184
8.23529	1025.184
8.23943	1025.184
8.24367	1025.184
8.24767	1025.184
8.25406	1025.184
8.25966	1025.184
8.26614	1025.184
8.27	1025.184
8.27388	1025.184
8.27779	1025.184
8.28192	1025.184
8.28606	1025.184
8.29003	1025.184
8.29492	1025.184
8.29944	1025.184
8.30319	1025.184
8.30784	1025.184
8.31277	1025.184
8.31652	1025.184
8.32193	1025.184
8.32776	1025.184
8.33251	1025.184
8.33751	1025.184
8.34197	1025.184
8.34562	1025.184
8.34999	1025.184
8.3549	1025.184
8.35887	1025.184
8.36357	1025.184
8.36782	1025.184
8.37252	1025.184
8.37675	1025.184
8.38137	1025.184
8.3859	1025.184
8.38992	1025.184
8.39497	1025.184
8.39999	1025.184
8.40402	1025.184
8.4087	1025.184
8.41311	1025.184
8.41759	1025.184
8.4216	1025.184
8.42597	1025.184
8.4309	1025.184
8.43504	1025.184
8.43992	1025.184
8.44464	1025.184
8.45408	1025.184
8.46052	1025.184
8.46508	1025.184
8.46996	1025.184
8.47551	1025.184
8.48125	1025.184
8.48621	1025.184
8.49329	1025.184
8.49792	1025.184
8.50237	1025.184
8.50798	1025.184
8.51243	1025.184
8.5172	1025.184
8.5208	1025.184
8.52477	1025.184
8.5284	1025.184
8.53304	1025.184
8.5371	1025.184
8.5414	1025.184
8.54497	1025.184
8.54894	1025.184
8.55283	1025.184
8.55678	1025.184
8.56101	1025.184
8.56492	1025.184
8.56884	1025.184
8.57302	1025.184
8.5771	1025.184
8.5811	1025.184
8.58489	1025.184
8.5892	1025.184
8.5928	1025.184
8.59948	1025.184
8.60355	1025.184
8.60724	1025.184
8.61278	1025.184
8.6169	1025.184
8.62115	1025.184
8.62704	1025.184
8.63291	1025.184
8.63675	1025.184
8.64075	1025.184
8.64527	1025.184
8.6505	1025.184
8.6551	1025.184
8.65886	1025.184
8.66355	1025.184
8.6714	1025.184
8.6752	1025.184
8.67894	1025.184
8.68391	1025.184
8.68796	1025.184
8.69211	1025.184
8.69606	1025.184
8.70061	1025.184
8.70459	1025.184
8.70877	1025.184
8.71333	1025.184
8.71942	1025.184
8.72519	1025.184
8.72965	1025.184
8.73595	1025.184
8.74144	1025.184
8.74535	1025.184
8.75016	1025.184
8.75523	1025.184
8.7597	1025.184
8.76401	1025.184
8.76779	1025.184
8.77222	1025.184
8.77601	1025.184
8.7799	1025.184
8.78485	1025.184
8.78945	1025.184
8.79756	1025.184
8.80432	1025.184
8.81298	1025.184
8.8167	1025.184
8.82064	1025.184
8.82527	1025.184
8.82897	1025.184
8.83282	1025.184
8.83684	1025.184
8.84353	1025.184
8.84863	1025.184
8.8528	1025.184
8.85662	1025.184
8.86021	1025.184
8.86445	1025.184
8.86853	1025.184
8.87458	1025.184
8.8787	1025.184
8.88326	1025.184
8.88721	1025.184
8.89095	1025.184
8.89523	1025.184
8.89881	1025.184
8.9036	1025.184
8.90755	1025.184
8.91185	1025.184
8.91663	1025.184
8.92157	1025.184
8.92821	1025.184
8.93323	1025.184
8.93801	1025.184
8.94319	1025.184
8.9482	1025.184
8.95262	1025.184
8.95721	1025.184
8.96124	1025.184
8.96598	1025.184
8.97148	1025.184
8.97588	1025.184
8.98076	1025.184
8.98526	1025.184
8.98975	1025.184
8.9938	1025.184
8.99775	1025.184
9.00211	1025.184
9.00896	1025.184
9.01567	1025.184
9.01991	1025.184
9.02741	1025.184
9.03566	1025.184
9.04042	1025.184
9.04482	1025.184
9.04869	1025.184
9.05324	1025.184
9.05814	1025.184
9.0617	1025.184
9.06699	1025.184
9.07289	1025.184
9.07727	1025.184
9.0813	1025.184
9.08597	1025.184
9.09017	1025.184
9.09494	1025.184
9.09888	1025.184
9.10313	1025.184
9.10948	1025.184
9.1164	1025.184
9.12153	1025.184
9.12597	1025.184
9.13163	1025.184
9.13611	1025.184
9.14139	1025.184
9.1462	1025.184
9.15074	1025.184
9.15486	1025.184
9.16069	1025.184
9.16585	1025.184
9.17033	1025.184
9.17472	1025.184
9.18023	1025.184
9.18559	1025.184
9.18915	1025.184
9.19379	1025.184
9.19724	1025.184
9.20106	1025.184
9.20459	1025.184
9.2084	1025.184
9.21199	1025.184
9.21618	1025.184
9.2201	1025.184
9.22724	1025.184
9.23198	1025.184
9.23597	1025.184
9.23992	1025.184
9.24412	1025.184
9.24857	1025.184
9.25302	1025.184
9.25765	1025.184
9.26171	1025.184
9.2656	1025.184
9.27011	1025.184
9.27549	1025.184
9.28149	1025.184
9.28594	1025.184
9.29103	1025.184
9.29646	1025.184
9.30023	1025.184
9.30437	1025.184
9.31043	1025.184
9.31679	1025.184
9.32061	1025.184
9.32529	1025.184
9.32915	1025.184
9.33263	1025.184
9.33662	1025.184
9.34007	1025.184
9.34511	1025.184
9.34911	1025.184
9.35289	1025.184
9.35779	1025.184
9.3624	1025.184
9.36694	1025.184
9.37132	1025.184
9.37693	1025.184
9.38117	1025.184
9.38492	1025.184
9.38928	1025.184
9.39329	1025.184
9.39717	1025.184
9.4009	1025.184
9.40525	1025.184
9.4092	1025.184
9.41267	1025.184
9.41644	1025.184
9.42287	1025.184
9.42739	1025.184
9.43179	1025.184
9.43569	1025.184
9.4401	1025.184
9.44396	1025.184
9.44858	1025.184
9.45219	1025.184
9.45605	1025.184
9.46112	1025.184
9.46749	1025.184
9.47174	1025.184
9.47629	1025.184
9.4808	1025.184
9.48495	1025.184
9.48887	1025.184
9.49355	1025.184
9.49781	1025.184
9.50179	1025.184
9.50594	1025.184
9.50963	1025.184
9.51433	1025.184
9.51953	1025.184
9.52325	1025.184
9.52784	1025.184
9.53192	1025.184
9.53648	1025.184
9.5412	1025.184
9.54563	1025.184
9.54905	1025.184
9.55338	1025.184
9.55777	1025.184
9.56229	1025.184
9.56592	1025.184
9.57053	1025.184
9.57404	1025.184
9.57963	1025.184
9.58634	1025.184
9.59336	1025.184
9.5997	1025.184
9.60482	1025.184
9.61019	1025.184
9.61398	1025.184
9.61899	1025.184
9.6237	1025.184
9.62692	1025.184
9.63136	1025.184
9.63515	1025.184
9.63957	1025.184
9.64384	1025.184
9.65077	1025.184
9.65622	1025.184
9.66151	1025.184
9.66607	1025.184
9.66982	1025.184
9.67427	1025.184
9.67893	1025.184
9.68453	1025.184
9.68855	1025.184
9.69291	1025.184
9.69664	1025.184
9.70062	1025.184
9.70695	1025.184
9.71098	1025.184
9.7149	1025.184
9.71886	1025.184
9.72319	1025.184
9.72698	1025.184
9.73176	1025.184
9.73615	1025.184
9.74011	1025.184
9.74358	1025.184
9.7478	1025.184
9.75213	1025.184
9.75601	1025.184
9.76011	1025.184
9.76432	1025.184
9.77051	1025.184
9.77389	1025.184
9.7775	1025.184
9.78206	1025.184
9.78831	1025.184
9.79306	1025.184
9.79653	1025.184
9.80018	1025.184
9.80445	1025.184
9.80822	1025.184
9.8127	1025.184
9.81661	1025.184
9.82303	1025.184
9.82708	1025.184
9.83055	1025.184
9.83457	1025.184
9.83847	1025.184
9.84266	1025.184
9.84625	1025.184
9.84974	1025.184
9.85377	1025.184
9.85812	1025.184
9.86312	1025.184
9.86677	1025.184
9.87118	1025.184
9.87548	1025.184
9.87983	1025.184
9.88373	1025.184
9.88763	1025.184
9.89137	1025.184
9.89584	1025.184
9.90014	1025.184
9.90436	1025.184
9.90911	1025.184
9.91348	1025.184
9.91915	1025.184
9.92397	1025.184
9.92895	1025.184
9.93298	1025.184
9.93707	1025.184
9.94066	1025.184
9.94443	1025.184
9.94937	1025.184
9.95402	1025.184
9.95818	1025.184
9.96195	1025.184
9.9667	1025.184
9.97213	1025.184
9.97656	1025.184
9.98081	1025.184
9.98673	1025.184
9.99101	1025.184
9.99486	1025.184
9.99853	1025.184
10.00205	1025.184
