0	770.336
0.00364	770.336
0.00811	770.336
0.01167	770.336
0.01553	770.336
0.01926	770.336
0.02369	770.336
0.02802	770.336
0.03187	770.336
0.036	770.336
0.04005	770.336
0.04407	770.336
0.04838	770.336
0.05311	770.336
0.05819	770.336
0.06333	770.336
0.0685	770.336
0.07244	770.336
0.07592	770.336
0.08052	770.336
0.0867	770.336
0.09361	770.336
0.09806	770.336
0.10307	770.336
0.10675	770.336
0.11101	770.336
0.11531	770.336
0.11938	770.336
0.1232	770.336
0.12733	770.336
0.1312	770.336
0.13575	770.336
0.14019	770.336
0.14376	770.336
0.14731	770.336
0.15152	770.336
0.15658	770.336
0.16076	770.336
0.16446	770.336
0.16815	770.336
0.172	770.336
0.17594	770.336
0.17947	770.336
0.1836	770.336
0.18718	770.336
0.19071	770.336
0.1945	770.336
0.19838	770.336
0.20461	770.336
0.20897	770.336
0.21291	770.336
0.21693	770.336
0.22061	770.336
0.22449	770.336
0.22787	770.336
0.23154	770.336
0.23508	770.336
0.23854	770.336
0.24223	770.336
0.24591	770.336
0.24984	770.336
0.25375	770.336
0.25758	770.336
0.26138	770.336
0.26509	770.336
0.26888	770.336
0.27313	770.336
0.27721	770.336
0.28099	770.336
0.28481	770.336
0.28879	770.336
0.29248	770.336
0.29626	770.336
0.29966	770.336
0.30357	770.336
0.30706	770.336
0.31057	770.336
0.31442	770.336
0.31814	770.336
0.32215	770.336
0.32633	770.336
0.33019	770.336
0.33373	770.336
0.338	770.336
0.34201	770.336
0.34668	770.336
0.35069	770.336
0.35421	770.336
0.35831	770.336
0.36204	770.336
0.36526	770.336
0.36863	770.336
0.37186	770.336
0.37498	770.336
0.37836	770.336
0.3821	770.336
0.3856	770.336
0.38944	770.336
0.39293	770.336
0.39607	770.336
0.39958	770.336
0.40254	770.336
0.40652	770.336
0.40992	770.336
0.41373	770.336
0.41795	770.336
0.42207	770.336
0.42555	770.336
0.42974	770.336
0.4339	770.336
0.43839	770.336
0.44263	770.336
0.44673	770.336
0.45016	770.336
0.45449	770.336
0.4579	770.336
0.46194	770.336
0.46584	770.336
0.46997	770.336
0.47377	770.336
0.47809	770.336
0.48184	770.336
0.48639	770.336
0.49042	770.336
0.49445	770.336
0.49807	770.336
0.5023	770.336
0.50692	770.336
0.51051	770.336
0.51463	770.336
0.51813	770.336
0.52216	770.336
0.52661	770.336
0.53023	770.336
0.53446	770.336
0.53834	770.336
0.54227	770.336
0.54619	770.336
0.55045	770.336
0.55423	770.336
0.55822	770.336
0.56197	770.336
0.56627	770.336
0.56973	770.336
0.57433	770.336
0.57897	770.336
0.58302	770.336
0.5864	770.336
0.5902	770.336
0.5938	770.336
0.59795	770.336
0.60222	770.336
0.60679	770.336
0.60998	770.336
0.61388	770.336
0.61739	770.336
0.62067	770.336
0.62558	770.336
0.62997	770.336
0.63364	770.336
0.63782	770.336
0.64154	770.336
0.64548	770.336
0.64946	770.336
0.6538	770.336
0.65924	770.336
0.66456	770.336
0.66788	770.336
0.67209	770.336
0.67844	770.336
0.68452	770.336
0.68798	770.336
0.69209	770.336
0.69637	770.336
0.69959	770.336
0.70376	770.336
0.70731	770.336
0.71059	770.336
0.71758	770.336
0.7212	770.336
0.72444	770.336
0.72868	770.336
0.73188	770.336
0.73583	770.336
0.73991	770.336
0.74336	770.336
0.74688	770.336
0.75112	770.336
0.75477	770.336
0.75888	770.336
0.76188	770.336
0.76586	770.336
0.76937	770.336
0.77339	770.336
0.77689	770.336
0.78015	770.336
0.7851	770.336
0.78954	770.336
0.79335	770.336
0.79661	770.336
0.80166	770.336
0.80606	770.336
0.80969	770.336
0.81353	770.336
0.81672	770.336
0.81981	770.336
0.82399	770.336
0.82729	770.336
0.83328	770.336
0.83676	770.336
0.8407	770.336
0.84377	770.336
0.84719	770.336
0.85058	770.336
0.85392	770.336
0.85944	770.336
0.86386	770.336
0.86699	770.336
0.87049	770.336
0.87451	770.336
0.87825	770.336
0.88153	770.336
0.88451	770.336
0.88956	770.336
0.89545	770.336
0.89935	770.336
0.90332	770.336
0.90709	770.336
0.91123	770.336
0.91484	770.336
0.91892	770.336
0.92256	770.336
0.92708	770.336
0.93031	770.336
0.93436	770.336
0.93825	770.336
0.94308	770.336
0.94627	770.336
0.95049	770.336
0.95494	770.336
0.9592	770.336
0.96276	770.336
0.96779	770.336
0.97126	770.336
0.97467	770.336
0.97802	770.336
0.98209	770.336
0.98549	770.336
0.99022	770.336
0.99441	770.336
0.99858	770.336
1.0022	770.336
1.00644	770.336
1.01023	770.336
1.01433	770.336
1.01797	770.336
1.02245	770.336
1.02654	770.336
1.03082	770.336
1.03434	770.336
1.03837	770.336
1.04173	770.336
1.04611	770.336
1.04947	770.336
1.05271	770.336
1.05685	770.336
1.06016	770.336
1.0644	770.336
1.07069	770.336
1.07747	770.336
1.08176	770.336
1.08555	770.336
1.08925	770.336
1.09426	770.336
1.09851	770.336
1.10212	770.336
1.10645	770.336
1.11215	770.336
1.11856	770.336
1.12276	770.336
1.12854	770.336
1.13267	770.336
1.1361	770.336
1.14296	770.336
1.14894	770.336
1.15245	770.336
1.15683	770.336
1.16252	770.336
1.16602	770.336
1.17063	770.336
1.17407	770.336
1.17803	770.336
1.18222	770.336
1.18661	770.336
1.18985	770.336
1.19377	770.336
1.19736	770.336
1.20054	770.336
1.20542	770.336
1.20841	770.336
1.21327	770.336
1.21656	770.336
1.22285	770.336
1.22942	770.336
1.23253	770.336
1.2374	770.336
1.24126	770.336
1.24467	770.336
1.24857	770.336
1.2517	770.336
1.2556	770.336
1.25986	770.336
1.26343	770.336
1.26663	770.336
1.27062	770.336
1.27399	770.336
1.2779	770.336
1.28243	770.336
1.28587	770.336
1.28995	770.336
1.2934	770.336
1.29734	770.336
1.3007	770.336
1.304	770.336
1.30804	770.336
1.31173	770.336
1.31627	770.336
1.32052	770.336
1.3235	770.336
1.32724	770.336
1.33074	770.336
1.33467	770.336
1.33792	770.336
1.34196	770.336
1.34544	770.336
1.34862	770.336
1.35364	770.336
1.35778	770.336
1.36119	770.336
1.36423	770.336
1.36838	770.336
1.3714	770.336
1.37777	770.336
1.38536	770.336
1.39204	770.336
1.39687	770.336
1.40247	770.336
1.40756	770.336
1.41128	770.336
1.41473	770.336
1.41943	770.336
1.42307	770.336
1.42683	770.336
1.43054	770.336
1.43613	770.336
1.44255	770.336
1.44669	770.336
1.45152	770.336
1.45705	770.336
1.46186	770.336
1.46657	770.336
1.47207	770.336
1.47924	770.336
1.48717	770.336
1.49169	770.336
1.49596	770.336
1.50022	770.336
1.5055	770.336
1.50985	770.336
1.51533	770.336
1.52027	770.336
1.52766	770.336
1.53374	770.336
1.53743	770.336
1.54216	770.336
1.54536	770.336
1.54961	770.336
1.55324	770.336
1.55659	770.336
1.56062	770.336
1.56404	770.336
1.56815	770.336
1.57149	770.336
1.57531	770.336
1.57842	770.336
1.5825	770.336
1.58646	770.336
1.59096	770.336
1.59549	770.336
1.60252	770.336
1.60717	770.336
1.61422	770.336
1.61892	770.336
1.62307	770.336
1.62715	770.336
1.63126	770.336
1.63692	770.336
1.64049	770.336
1.64372	770.336
1.64837	770.336
1.65212	770.336
1.65626	770.336
1.65976	770.336
1.66423	770.336
1.66841	770.336
1.67237	770.336
1.67703	770.336
1.68066	770.336
1.68624	770.336
1.69059	770.336
1.69461	770.336
1.69921	770.336
1.70353	770.336
1.70842	770.336
1.71374	770.336
1.71906	770.336
1.7232	770.336
1.72878	770.336
1.73402	770.336
1.73925	770.336
1.74389	770.336
1.74814	770.336
1.75293	770.336
1.76009	770.336
1.76474	770.336
1.77069	770.336
1.77765	770.336
1.78239	770.336
1.78663	770.336
1.79076	770.336
1.79475	770.336
1.7993	770.336
1.8032	770.336
1.80699	770.336
1.81095	770.336
1.81576	770.336
1.81986	770.336
1.82415	770.336
1.82996	770.336
1.8343	770.336
1.84072	770.336
1.84589	770.336
1.85096	770.336
1.85546	770.336
1.85964	770.336
1.86542	770.336
1.8694	770.336
1.87412	770.336
1.87798	770.336
1.88219	770.336
1.88584	770.336
1.89064	770.336
1.89468	770.336
1.90035	770.336
1.90562	770.336
1.90974	770.336
1.91511	770.336
1.9194	770.336
1.92605	770.336
1.93451	770.336
1.94239	770.336
1.94899	770.336
1.95512	770.336
1.95909	770.336
1.96587	770.336
1.97064	770.336
1.97824	770.336
1.98404	770.336
1.98924	770.336
1.99464	770.336
1.99885	770.336
2.00413	770.336
2.00768	770.336
2.01159	770.336
2.01552	770.336
2.02021	770.336
2.02636	770.336
2.0322	770.336
2.03782	770.336
2.04236	770.336
2.04606	770.336
2.0498	770.336
2.05451	770.336
2.0585	770.336
2.06305	770.336
2.06725	770.336
2.0726	770.336
2.0788	770.336
2.08299	770.336
2.08706	770.336
2.09093	770.336
2.09533	770.336
2.09934	770.336
2.10352	770.336
2.10865	770.336
2.11367	770.336
2.12056	770.336
2.12614	770.336
2.13047	770.336
2.13562	770.336
2.14373	770.336
2.15115	770.336
2.159	770.336
2.16434	770.336
2.17032	770.336
2.17474	770.336
2.17903	770.336
2.18374	770.336
2.18996	770.336
2.19409	770.336
2.19902	770.336
2.20304	770.336
2.2079	770.336
2.21542	770.336
2.22261	770.336
2.2279	770.336
2.23306	770.336
2.23878	770.336
2.2435	770.336
2.24751	770.336
2.25193	770.336
2.25674	770.336
2.26196	770.336
2.26651	770.336
2.272	770.336
2.27606	770.336
2.28045	770.336
2.28471	770.336
2.29009	770.336
2.29542	770.336
2.30059	770.336
2.30593	770.336
2.31031	770.336
2.31435	770.336
2.31889	770.336
2.32513	770.336
2.33209	770.336
2.33835	770.336
2.34653	770.336
2.35459	770.336
2.36119	770.336
2.36621	770.336
2.37099	770.336
2.37574	770.336
2.3802	770.336
2.38654	770.336
2.39202	770.336
2.39561	770.336
2.40032	770.336
2.40674	770.336
2.41154	770.336
2.41668	770.336
2.4231	770.336
2.4275	770.336
2.43138	770.336
2.43535	770.336
2.43926	770.336
2.44404	770.336
2.44989	770.336
2.45442	770.336
2.45844	770.336
2.46335	770.336
2.46762	770.336
2.472	770.336
2.4757	770.336
2.47957	770.336
2.48411	770.336
2.49062	770.336
2.49463	770.336
2.49962	770.336
2.50421	770.336
2.51074	770.336
2.51613	770.336
2.52042	770.336
2.5247	770.336
2.53006	770.336
2.53517	770.336
2.54157	770.336
2.54614	770.336
2.55092	770.336
2.55541	770.336
2.56054	770.336
2.56585	770.336
2.57034	770.336
2.57487	770.336
2.57969	770.336
2.58358	770.336
2.58813	770.336
2.59275	770.336
2.59779	770.336
2.60257	770.336
2.60768	770.336
2.61515	770.336
2.62014	770.336
2.62497	770.336
2.62975	770.336
2.63378	770.336
2.63829	770.336
2.6429	770.336
2.64801	770.336
2.6535	770.336
2.65863	770.336
2.66236	770.336
2.66659	770.336
2.67033	770.336
2.67437	770.336
2.67776	770.336
2.68226	770.336
2.68638	770.336
2.68962	770.336
2.69445	770.336
2.70021	770.336
2.70486	770.336
2.71009	770.336
2.71593	770.336
2.72194	770.336
2.72833	770.336
2.7347	770.336
2.73971	770.336
2.74388	770.336
2.74898	770.336
2.75485	770.336
2.75873	770.336
2.7646	770.336
2.76862	770.336
2.77295	770.336
2.77852	770.336
2.78292	770.336
2.78988	770.336
2.79456	770.336
2.79893	770.336
2.80338	770.336
2.80675	770.336
2.81115	770.336
2.81888	770.336
2.82442	770.336
2.83127	770.336
2.83606	770.336
2.84057	770.336
2.84545	770.336
2.85007	770.336
2.85386	770.336
2.85952	770.336
2.86448	770.336
2.86902	770.336
2.87257	770.336
2.87595	770.336
2.88017	770.336
2.8845	770.336
2.88985	770.336
2.89562	770.336
2.89936	770.336
2.90335	770.336
2.90731	770.336
2.91341	770.336
2.91806	770.336
2.92276	770.336
2.92675	770.336
2.93368	770.336
2.93784	770.336
2.9418	770.336
2.94608	770.336
2.9506	770.336
2.95502	770.336
2.96189	770.336
2.96797	770.336
2.97382	770.336
2.97741	770.336
2.98463	770.336
2.99269	770.336
2.99841	770.336
3.00242	770.336
3.00708	770.336
3.01402	770.336
3.01879	770.336
3.02557	770.336
3.03314	770.336
3.0383	770.336
3.04462	770.336
3.05365	770.336
3.05809	770.336
3.063	770.336
3.0712	770.336
3.07506	770.336
3.07947	770.336
3.08391	770.336
3.08796	770.336
3.09161	770.336
3.09516	770.336
3.09851	770.336
3.10214	770.336
3.10684	770.336
3.11144	770.336
3.11536	770.336
3.11865	770.336
3.1241	770.336
3.12843	770.336
3.13185	770.336
3.13564	770.336
3.13928	770.336
3.14248	770.336
3.14649	770.336
3.15029	770.336
3.1543	770.336
3.15789	770.336
3.16221	770.336
3.16617	770.336
3.17131	770.336
3.17508	770.336
3.18054	770.336
3.18703	770.336
3.192	770.336
3.19654	770.336
3.20068	770.336
3.20659	770.336
3.21437	770.336
3.21997	770.336
3.22551	770.336
3.22951	770.336
3.23392	770.336
3.23791	770.336
3.24229	770.336
3.24629	770.336
3.25012	770.336
3.2537	770.336
3.25895	770.336
3.26343	770.336
3.26777	770.336
3.27126	770.336
3.27606	770.336
3.27944	770.336
3.28409	770.336
3.28773	770.336
3.29134	770.336
3.29786	770.336
3.3032	770.336
3.30934	770.336
3.31411	770.336
3.31815	770.336
3.3225	770.336
3.32629	770.336
3.33008	770.336
3.33477	770.336
3.33943	770.336
3.34435	770.336
3.34853	770.336
3.35263	770.336
3.35798	770.336
3.36315	770.336
3.36816	770.336
3.37285	770.336
3.37666	770.336
3.38258	770.336
3.38831	770.336
3.39192	770.336
3.39539	770.336
3.39862	770.336
3.40296	770.336
3.40678	770.336
3.41091	770.336
3.41561	770.336
3.42026	770.336
3.42715	770.336
3.43458	770.336
3.44022	770.336
3.4461	770.336
3.45159	770.336
3.4568	770.336
3.46078	770.336
3.46413	770.336
3.46849	770.336
3.47259	770.336
3.47806	770.336
3.48187	770.336
3.48797	770.336
3.49192	770.336
3.49694	770.336
3.5016	770.336
3.50713	770.336
3.51167	770.336
3.51522	770.336
3.51859	770.336
3.52321	770.336
3.52912	770.336
3.53409	770.336
3.54167	770.336
3.54625	770.336
3.55059	770.336
3.55727	770.336
3.56362	770.336
3.5695	770.336
3.57432	770.336
3.57811	770.336
3.58224	770.336
3.5858	770.336
3.59051	770.336
3.5947	770.336
3.59937	770.336
3.60446	770.336
3.60933	770.336
3.61343	770.336
3.61794	770.336
3.62322	770.336
3.62798	770.336
3.63191	770.336
3.63545	770.336
3.63961	770.336
3.64311	770.336
3.64691	770.336
3.65135	770.336
3.65673	770.336
3.66359	770.336
3.66947	770.336
3.67429	770.336
3.67867	770.336
3.68338	770.336
3.68776	770.336
3.69157	770.336
3.69604	770.336
3.70167	770.336
3.70665	770.336
3.71097	770.336
3.71514	770.336
3.71897	770.336
3.72401	770.336
3.72935	770.336
3.73446	770.336
3.73869	770.336
3.74262	770.336
3.74607	770.336
3.74967	770.336
3.75424	770.336
3.75922	770.336
3.76294	770.336
3.76993	770.336
3.77369	770.336
3.77952	770.336
3.78414	770.336
3.78915	770.336
3.79447	770.336
3.7997	770.336
3.80464	770.336
3.80932	770.336
3.81391	770.336
3.81911	770.336
3.82331	770.336
3.82719	770.336
3.83366	770.336
3.83995	770.336
3.84662	770.336
3.8509	770.336
3.85527	770.336
3.8601	770.336
3.86539	770.336
3.87037	770.336
3.87453	770.336
3.87894	770.336
3.88281	770.336
3.88715	770.336
3.89173	770.336
3.89891	770.336
3.90407	770.336
3.90843	770.336
3.91297	770.336
3.91807	770.336
3.92279	770.336
3.9285	770.336
3.93381	770.336
3.93828	770.336
3.94242	770.336
3.94689	770.336
3.95153	770.336
3.95565	770.336
3.96067	770.336
3.96651	770.336
3.9726	770.336
3.97847	770.336
3.98274	770.336
3.98681	770.336
3.99101	770.336
3.99583	770.336
4.00156	770.336
4.00577	770.336
4.0101	770.336
4.01557	770.336
4.0217	770.336
4.02641	770.336
4.03065	770.336
4.0349	770.336
4.03907	770.336
4.04328	770.336
4.04798	770.336
4.05238	770.336
4.05602	770.336
4.05983	770.336
4.06376	770.336
4.06797	770.336
4.07285	770.336
4.07982	770.336
4.08615	770.336
4.09386	770.336
4.09897	770.336
4.10323	770.336
4.10772	770.336
4.1118	770.336
4.11877	770.336
4.12489	770.336
4.12981	770.336
4.13393	770.336
4.1383	770.336
4.14194	770.336
4.14814	770.336
4.15441	770.336
4.15996	770.336
4.16499	770.336
4.17024	770.336
4.17405	770.336
4.17855	770.336
4.18293	770.336
4.19013	770.336
4.19474	770.336
4.19871	770.336
4.2024	770.336
4.20597	770.336
4.20974	770.336
4.21552	770.336
4.21988	770.336
4.22529	770.336
4.22904	770.336
4.23395	770.336
4.23759	770.336
4.24236	770.336
4.24654	770.336
4.2513	770.336
4.25574	770.336
4.26027	770.336
4.26479	770.336
4.26849	770.336
4.27271	770.336
4.27799	770.336
4.28358	770.336
4.28712	770.336
4.2907	770.336
4.29534	770.336
4.29913	770.336
4.30313	770.336
4.30906	770.336
4.31351	770.336
4.31792	770.336
4.32267	770.336
4.32853	770.336
4.33308	770.336
4.33786	770.336
4.34227	770.336
4.34664	770.336
4.35141	770.336
4.35576	770.336
4.36045	770.336
4.36618	770.336
4.37123	770.336
4.37549	770.336
4.37965	770.336
4.38629	770.336
4.39404	770.336
4.40105	770.336
4.40799	770.336
4.41361	770.336
4.41791	770.336
4.42251	770.336
4.42607	770.336
4.43102	770.336
4.43474	770.336
4.43948	770.336
4.4449	770.336
4.45149	770.336
4.45564	770.336
4.45934	770.336
4.47515	770.336
4.4796	770.336
4.48469	770.336
4.4913	770.336
4.49559	770.336
4.50045	770.336
4.50774	770.336
4.51461	770.336
4.51939	770.336
4.52335	770.336
4.52703	770.336
4.53414	770.336
4.53872	770.336
4.54274	770.336
4.54695	770.336
4.55066	770.336
4.55499	770.336
4.55931	770.336
4.56412	770.336
4.56977	770.336
4.57459	770.336
4.57939	770.336
4.58342	770.336
4.58809	770.336
4.59325	770.336
4.59763	770.336
4.60176	770.336
4.60635	770.336
4.61063	770.336
4.61527	770.336
4.62019	770.336
4.62514	770.336
4.63006	770.336
4.63399	770.336
4.63988	770.336
4.64391	770.336
4.64792	770.336
4.65218	770.336
4.65758	770.336
4.66288	770.336
4.66757	770.336
4.67144	770.336
4.67593	770.336
4.68019	770.336
4.69128	770.336
4.69552	770.336
4.69949	770.336
4.70572	770.336
4.70907	770.336
4.71229	770.336
4.71551	770.336
4.71867	770.336
4.72225	770.336
4.72554	770.336
4.72927	770.336
4.73485	770.336
4.73984	770.336
4.74381	770.336
4.74773	770.336
4.75277	770.336
4.75827	770.336
4.76778	770.336
4.77255	770.336
4.77782	770.336
4.78225	770.336
4.78855	770.336
4.79342	770.336
4.79751	770.336
4.8026	770.336
4.80693	770.336
4.81319	770.336
4.82005	770.336
4.82575	770.336
4.82996	770.336
4.83373	770.336
4.84014	770.336
4.84707	770.336
4.85336	770.336
4.85931	770.336
4.86572	770.336
4.87003	770.336
4.87686	770.336
4.88267	770.336
4.88789	770.336
4.89182	770.336
4.89521	770.336
4.90109	770.336
4.90509	770.336
4.90901	770.336
4.91646	770.336
4.92167	770.336
4.92885	770.336
4.93536	770.336
4.94062	770.336
4.94529	770.336
4.95114	770.336
4.95621	770.336
4.96058	770.336
4.96403	770.336
4.96823	770.336
4.97213	770.336
4.97661	770.336
4.98148	770.336
4.98606	770.336
4.99004	770.336
4.99411	770.336
4.99816	770.336
5.00398	770.336
5.00833	770.336
5.01524	770.336
5.02159	770.336
5.02606	770.336
5.03079	770.336
5.03467	770.336
5.03888	770.336
5.04565	770.336
5.05029	770.336
5.0541	770.336
5.05795	770.336
5.06176	770.336
5.06664	770.336
5.07137	770.336
5.07656	770.336
5.08022	770.336
5.08385	770.336
5.08797	770.336
5.0939	770.336
5.09949	770.336
5.10315	770.336
5.10661	770.336
5.11103	770.336
5.11445	770.336
5.11885	770.336
5.12245	770.336
5.12619	770.336
5.13016	770.336
5.13474	770.336
5.13874	770.336
5.1441	770.336
5.15019	770.336
5.15581	770.336
5.15985	770.336
5.1637	770.336
5.16741	770.336
5.17084	770.336
5.17752	770.336
5.1823	770.336
5.18695	770.336
5.19174	770.336
5.19498	770.336
5.19846	770.336
5.20178	770.336
5.20593	770.336
5.21131	770.336
5.21517	770.336
5.21881	770.336
5.22296	770.336
5.22767	770.336
5.23136	770.336
5.23672	770.336
5.24174	770.336
5.24553	770.336
5.24944	770.336
5.25368	770.336
5.25777	770.336
5.26138	770.336
5.26561	770.336
5.26982	770.336
5.27355	770.336
5.27763	770.336
5.28169	770.336
5.28661	770.336
5.29043	770.336
5.295	770.336
5.29874	770.336
5.30355	770.336
5.30743	770.336
5.31169	770.336
5.31577	770.336
5.32023	770.336
5.32434	770.336
5.32953	770.336
5.33401	770.336
5.33855	770.336
5.34315	770.336
5.34698	770.336
5.35093	770.336
5.35485	770.336
5.35885	770.336
5.36276	770.336
5.36959	770.336
5.37586	770.336
5.38195	770.336
5.38678	770.336
5.39335	770.336
5.39765	770.336
5.40175	770.336
5.40852	770.336
5.41555	770.336
5.42011	770.336
5.42459	770.336
5.42865	770.336
5.43265	770.336
5.43759	770.336
5.44228	770.336
5.44697	770.336
5.45112	770.336
5.4577	770.336
5.46436	770.336
5.46957	770.336
5.47424	770.336
5.47905	770.336
5.48482	770.336
5.48827	770.336
5.49236	770.336
5.49585	770.336
5.49987	770.336
5.50428	770.336
5.50836	770.336
5.51209	770.336
5.51629	770.336
5.52105	770.336
5.52797	770.336
5.53226	770.336
5.53659	770.336
5.54112	770.336
5.54597	770.336
5.55033	770.336
5.5551	770.336
5.55872	770.336
5.56309	770.336
5.57003	770.336
5.57609	770.336
5.58072	770.336
5.58546	770.336
5.59028	770.336
5.59633	770.336
5.6	770.336
5.60415	770.336
5.60783	770.336
5.61194	770.336
5.61619	770.336
5.62069	770.336
5.62499	770.336
5.62957	770.336
5.63447	770.336
5.63902	770.336
5.64327	770.336
5.64718	770.336
5.65355	770.336
5.65705	770.336
5.66217	770.336
5.66568	770.336
5.66948	770.336
5.67405	770.336
5.6782	770.336
5.68299	770.336
5.68663	770.336
5.69099	770.336
5.69614	770.336
5.69999	770.336
5.70419	770.336
5.70872	770.336
5.71367	770.336
5.72016	770.336
5.7274	770.336
5.7318	770.336
5.73695	770.336
5.74119	770.336
5.74535	770.336
5.75	770.336
5.75437	770.336
5.76062	770.336
5.76672	770.336
5.77159	770.336
5.77527	770.336
5.78034	770.336
5.78465	770.336
5.78885	770.336
5.79247	770.336
5.79699	770.336
5.80029	770.336
5.80427	770.336
5.8084	770.336
5.81387	770.336
5.82136	770.336
5.82785	770.336
5.83277	770.336
5.83765	770.336
5.84163	770.336
5.84559	770.336
5.84913	770.336
5.85318	770.336
5.85765	770.336
5.86395	770.336
5.86829	770.336
5.87248	770.336
5.87602	770.336
5.88001	770.336
5.88428	770.336
5.88976	770.336
5.89481	770.336
5.89883	770.336
5.90224	770.336
5.90628	770.336
5.9108	770.336
5.91504	770.336
5.92217	770.336
5.92938	770.336
5.9345	770.336
5.93914	770.336
5.94384	770.336
5.94863	770.336
5.95254	770.336
5.95632	770.336
5.96045	770.336
5.96431	770.336
5.96937	770.336
5.97355	770.336
5.97841	770.336
5.98276	770.336
5.98688	770.336
5.99033	770.336
5.99384	770.336
5.99728	770.336
6.00046	770.336
6.0045	770.336
6.00828	770.336
6.01185	770.336
6.01488	770.336
6.02081	770.336
6.02445	770.336
6.02805	770.336
6.03115	770.336
6.03447	770.336
6.03776	770.336
6.04082	770.336
6.04368	770.336
6.04683	770.336
6.05072	770.336
6.0547	770.336
6.05874	770.336
6.06274	770.336
6.06677	770.336
6.07056	770.336
6.07384	770.336
6.07771	770.336
6.08099	770.336
6.08586	770.336
6.08972	770.336
6.09291	770.336
6.09592	770.336
6.09943	770.336
6.10531	770.336
6.10936	770.336
6.11335	770.336
6.12176	770.336
6.12604	770.336
6.12985	770.336
6.13397	770.336
6.13819	770.336
6.14194	770.336
6.14613	770.336
6.14926	770.336
6.15223	770.336
6.15582	770.336
6.15897	770.336
6.16257	770.336
6.16634	770.336
6.17036	770.336
6.17401	770.336
6.17792	770.336
6.18216	770.336
6.18728	770.336
6.19081	770.336
6.19418	770.336
6.19761	770.336
6.20078	770.336
6.20419	770.336
6.20763	770.336
6.21086	770.336
6.21444	770.336
6.21828	770.336
6.22438	770.336
6.23117	770.336
6.23513	770.336
6.24064	770.336
6.24421	770.336
6.24841	770.336
6.25154	770.336
6.25764	770.336
6.26143	770.336
6.26568	770.336
6.26951	770.336
6.2725	770.336
6.27642	770.336
6.28015	770.336
6.28433	770.336
6.28814	770.336
6.29214	770.336
6.29641	770.336
6.30063	770.336
6.30415	770.336
6.30818	770.336
6.31252	770.336
6.31695	770.336
6.3204	770.336
6.32476	770.336
6.32946	770.336
6.33372	770.336
6.33808	770.336
6.34131	770.336
6.34438	770.336
6.34814	770.336
6.35111	770.336
6.35503	770.336
6.36154	770.336
6.36559	770.336
6.36888	770.336
6.37178	770.336
6.3759	770.336
6.37944	770.336
6.38281	770.336
6.3874	770.336
6.39036	770.336
6.39408	770.336
6.398	770.336
6.40112	770.336
6.40449	770.336
6.40847	770.336
6.41237	770.336
6.41746	770.336
6.42091	770.336
6.42484	770.336
6.42881	770.336
6.43254	770.336
6.43641	770.336
6.43944	770.336
6.44527	770.336
6.44988	770.336
6.45382	770.336
6.4583	770.336
6.46266	770.336
6.46615	770.336
6.47087	770.336
6.47437	770.336
6.47875	770.336
6.48444	770.336
6.49032	770.336
6.4949	770.336
6.49817	770.336
6.50502	770.336
6.51003	770.336
6.51386	770.336
6.51826	770.336
6.52264	770.336
6.52652	770.336
6.53018	770.336
6.5349	770.336
6.53871	770.336
6.54339	770.336
6.54799	770.336
6.55201	770.336
6.55618	770.336
6.56038	770.336
6.56438	770.336
6.56811	770.336
6.57107	770.336
6.57876	770.336
6.58302	770.336
6.58752	770.336
6.59269	770.336
6.59795	770.336
6.60145	770.336
6.60597	770.336
6.61026	770.336
6.61691	770.336
6.62448	770.336
6.63162	770.336
6.63694	770.336
6.64222	770.336
6.64646	770.336
6.65016	770.336
6.65388	770.336
6.65725	770.336
6.66034	770.336
6.66387	770.336
6.66715	770.336
6.67037	770.336
6.67394	770.336
6.67737	770.336
6.68035	770.336
6.68418	770.336
6.6881	770.336
6.69104	770.336
6.69498	770.336
6.69898	770.336
6.70294	770.336
6.70604	770.336
6.70982	770.336
6.71291	770.336
6.71657	770.336
6.7208	770.336
6.72456	770.336
6.7285	770.336
6.73141	770.336
6.73738	770.336
6.74053	770.336
6.74441	770.336
6.74766	770.336
6.75056	770.336
6.7542	770.336
6.75799	770.336
6.76133	770.336
6.7647	770.336
6.76864	770.336
6.77164	770.336
6.77489	770.336
6.77877	770.336
6.78297	770.336
6.7868	770.336
6.79131	770.336
6.7945	770.336
6.79822	770.336
6.8021	770.336
6.80576	770.336
6.80889	770.336
6.81328	770.336
6.81626	770.336
6.81951	770.336
6.82304	770.336
6.82684	770.336
6.83072	770.336
6.83496	770.336
6.83849	770.336
6.84254	770.336
6.8462	770.336
6.85013	770.336
6.85339	770.336
6.85637	770.336
6.86032	770.336
6.86341	770.336
6.86716	770.336
6.87107	770.336
6.87485	770.336
6.87864	770.336
6.88217	770.336
6.88572	770.336
6.88893	770.336
6.89252	770.336
6.89757	770.336
6.90898	770.336
6.91399	770.336
6.91901	770.336
6.92561	770.336
6.92986	770.336
6.93387	770.336
6.93832	770.336
6.94207	770.336
6.94625	770.336
6.94994	770.336
6.95349	770.336
6.95944	770.336
6.96458	770.336
6.96937	770.336
6.97411	770.336
6.97791	770.336
6.98159	770.336
6.98522	770.336
6.98954	770.336
6.99385	770.336
6.99727	770.336
7.00155	770.336
7.00691	770.336
7.01375	770.336
7.0208	770.336
7.02685	770.336
7.0314	770.336
7.03788	770.336
7.04276	770.336
7.04743	770.336
7.05126	770.336
7.058	770.336
7.06252	770.336
7.06682	770.336
7.07059	770.336
7.07457	770.336
7.07896	770.336
7.08464	770.336
7.0885	770.336
7.09262	770.336
7.09644	770.336
7.10057	770.336
7.10382	770.336
7.108	770.336
7.11233	770.336
7.11799	770.336
7.12225	770.336
7.12714	770.336
7.13078	770.336
7.13534	770.336
7.13941	770.336
7.14308	770.336
7.14931	770.336
7.15358	770.336
7.15753	770.336
7.16153	770.336
7.16611	770.336
7.17034	770.336
7.17483	770.336
7.18007	770.336
7.18749	770.336
7.19248	770.336
7.19742	770.336
7.20233	770.336
7.20694	770.336
7.21062	770.336
7.21513	770.336
7.2214	770.336
7.22775	770.336
7.23173	770.336
7.2355	770.336
7.23955	770.336
7.24499	770.336
7.25019	770.336
7.25493	770.336
7.25849	770.336
7.26238	770.336
7.26569	770.336
7.27011	770.336
7.27368	770.336
7.27835	770.336
7.28193	770.336
7.28605	770.336
7.29162	770.336
7.29824	770.336
7.30345	770.336
7.30855	770.336
7.31312	770.336
7.31791	770.336
7.32176	770.336
7.3264	770.336
7.3318	770.336
7.33705	770.336
7.34249	770.336
7.34748	770.336
7.35986	770.336
7.36377	770.336
7.3677	770.336
7.37113	770.336
7.37523	770.336
7.37929	770.336
7.38232	770.336
7.38534	770.336
7.38943	770.336
7.39265	770.336
7.39644	770.336
7.4025	770.336
7.40786	770.336
7.41253	770.336
7.41611	770.336
7.42018	770.336
7.4235	770.336
7.4274	770.336
7.43115	770.336
7.43421	770.336
7.4387	770.336
7.44184	770.336
7.44558	770.336
7.44946	770.336
7.45395	770.336
7.45717	770.336
7.46021	770.336
7.46402	770.336
7.46695	770.336
7.47006	770.336
7.47325	770.336
7.47603	770.336
7.48011	770.336
7.48536	770.336
7.48868	770.336
7.4927	770.336
7.49574	770.336
7.49937	770.336
7.50265	770.336
7.50641	770.336
7.51056	770.336
7.51388	770.336
7.51762	770.336
7.52157	770.336
7.52561	770.336
7.52866	770.336
7.53333	770.336
7.53777	770.336
7.54264	770.336
7.54657	770.336
7.55019	770.336
7.55434	770.336
7.5588	770.336
7.56308	770.336
7.56772	770.336
7.57167	770.336
7.57526	770.336
7.57942	770.336
7.58463	770.336
7.59058	770.336
7.59559	770.336
7.59977	770.336
7.6039	770.336
7.60812	770.336
7.61292	770.336
7.61778	770.336
7.62322	770.336
7.62917	770.336
7.63682	770.336
7.6425	770.336
7.64681	770.336
7.65355	770.336
7.65863	770.336
7.66288	770.336
7.66737	770.336
7.67108	770.336
7.67642	770.336
7.6811	770.336
7.68676	770.336
7.69176	770.336
7.69616	770.336
7.70091	770.336
7.70661	770.336
7.71214	770.336
7.71617	770.336
7.72088	770.336
7.7247	770.336
7.7301	770.336
7.73418	770.336
7.73867	770.336
7.74264	770.336
7.74752	770.336
7.75154	770.336
7.75612	770.336
7.76089	770.336
7.76457	770.336
7.76997	770.336
7.77487	770.336
7.77895	770.336
7.78666	770.336
7.79254	770.336
7.79741	770.336
7.80189	770.336
7.80645	770.336
7.81028	770.336
7.81469	770.336
7.8186	770.336
7.82372	770.336
7.82844	770.336
7.83299	770.336
7.8373	770.336
7.84228	770.336
7.84667	770.336
7.85094	770.336
7.85699	770.336
7.86208	770.336
7.86805	770.336
7.87252	770.336
7.87711	770.336
7.88188	770.336
7.88581	770.336
7.89093	770.336
7.89561	770.336
7.89994	770.336
7.90487	770.336
7.90932	770.336
7.91451	770.336
7.9232	770.336
7.92797	770.336
7.93236	770.336
7.9379	770.336
7.94242	770.336
7.94754	770.336
7.95265	770.336
7.95805	770.336
7.96361	770.336
7.9677	770.336
7.97132	770.336
7.9749	770.336
7.979	770.336
7.98371	770.336
7.98895	770.336
7.99389	770.336
7.99765	770.336
8.0021	770.336
8.00733	770.336
8.01298	770.336
8.02043	770.336
8.02702	770.336
8.03245	770.336
8.03726	770.336
8.04251	770.336
8.04645	770.336
8.05423	770.336
8.05933	770.336
8.06404	770.336
8.06884	770.336
8.07253	770.336
8.0771	770.336
8.08178	770.336
8.08592	770.336
8.0908	770.336
8.09473	770.336
8.09969	770.336
8.10341	770.336
8.1096	770.336
8.1148	770.336
8.11902	770.336
8.12391	770.336
8.12955	770.336
8.13337	770.336
8.13782	770.336
8.14203	770.336
8.14696	770.336
8.15108	770.336
8.15539	770.336
8.15927	770.336
8.16485	770.336
8.17115	770.336
8.17543	770.336
8.18154	770.336
8.18665	770.336
8.19067	770.336
8.19696	770.336
8.20198	770.336
8.20731	770.336
8.21213	770.336
8.21802	770.336
8.22362	770.336
8.22949	770.336
8.23508	770.336
8.23903	770.336
8.24379	770.336
8.25068	770.336
8.25684	770.336
8.2616	770.336
8.26581	770.336
8.2707	770.336
8.27583	770.336
8.28013	770.336
8.28478	770.336
8.28968	770.336
8.29527	770.336
8.30011	770.336
8.30488	770.336
8.30965	770.336
8.31357	770.336
8.31853	770.336
8.32485	770.336
8.33149	770.336
8.33684	770.336
8.34432	770.336
8.35016	770.336
8.35543	770.336
8.35925	770.336
8.36368	770.336
8.36742	770.336
8.37137	770.336
8.37999	770.336
8.38599	770.336
8.39019	770.336
8.39445	770.336
8.39963	770.336
8.40376	770.336
8.41018	770.336
8.41485	770.336
8.42249	770.336
8.42975	770.336
8.43581	770.336
8.44285	770.336
8.44938	770.336
8.45401	770.336
8.45889	770.336
8.4637	770.336
8.46955	770.336
8.47466	770.336
8.48166	770.336
8.48693	770.336
8.49384	770.336
8.49826	770.336
8.50273	770.336
8.5071	770.336
8.51445	770.336
8.51965	770.336
8.52389	770.336
8.53005	770.336
8.53469	770.336
8.54091	770.336
8.54619	770.336
8.55115	770.336
8.55629	770.336
8.56037	770.336
8.56742	770.336
8.57359	770.336
8.58135	770.336
8.58706	770.336
8.59252	770.336
8.59778	770.336
8.60234	770.336
8.60744	770.336
8.61144	770.336
8.61751	770.336
8.62588	770.336
8.63351	770.336
8.63975	770.336
8.64671	770.336
8.65486	770.336
8.6601	770.336
8.66508	770.336
8.66981	770.336
8.67576	770.336
8.68124	770.336
8.68722	770.336
8.6937	770.336
8.69974	770.336
8.70541	770.336
8.71055	770.336
8.71742	770.336
8.72275	770.336
8.72939	770.336
8.73413	770.336
8.73906	770.336
8.74503	770.336
8.75184	770.336
8.75751	770.336
8.76341	770.336
8.77088	770.336
8.77755	770.336
8.78514	770.336
8.79157	770.336
8.79709	770.336
8.80575	770.336
8.81243	770.336
8.81727	770.336
8.82223	770.336
8.82767	770.336
8.83315	770.336
8.83793	770.336
8.84539	770.336
8.85265	770.336
8.85831	770.336
8.86663	770.336
8.87372	770.336
8.8786	770.336
8.88284	770.336
8.89256	770.336
8.89869	770.336
8.90559	770.336
8.9102	770.336
8.91716	770.336
8.92283	770.336
8.92864	770.336
8.93373	770.336
8.93838	770.336
8.94325	770.336
8.9514	770.336
8.95632	770.336
8.96221	770.336
8.96914	770.336
8.9746	770.336
8.98068	770.336
8.98484	770.336
8.99037	770.336
8.99783	770.336
9.00419	770.336
9.01065	770.336
9.01802	770.336
9.0246	770.336
9.03087	770.336
9.03657	770.336
9.04113	770.336
9.04527	770.336
9.05015	770.336
9.0581	770.336
9.06649	770.336
9.07324	770.336
9.07991	770.336
9.08526	770.336
9.09133	770.336
9.09871	770.336
9.1052	770.336
9.1098	770.336
9.11659	770.336
9.12261	770.336
9.12709	770.336
9.13221	770.336
9.13797	770.336
9.14338	770.336
9.14808	770.336
9.15471	770.336
9.15981	770.336
9.16873	770.336
9.17508	770.336
9.17995	770.336
9.18564	770.336
9.19095	770.336
9.19524	770.336
9.20086	770.336
9.20676	770.336
9.21201	770.336
9.21775	770.336
9.22669	770.336
9.23543	770.336
9.24172	770.336
9.24801	770.336
9.25344	770.336
9.2586	770.336
9.26581	770.336
9.27144	770.336
9.27837	770.336
9.28714	770.336
9.29249	770.336
9.29657	770.336
9.30296	770.336
9.30907	770.336
9.31422	770.336
9.31824	770.336
9.32197	770.336
9.32622	770.336
9.33365	770.336
9.33781	770.336
9.34288	770.336
9.35078	770.336
9.35765	770.336
9.36261	770.336
9.3694	770.336
9.37679	770.336
9.38252	770.336
9.38758	770.336
9.39391	770.336
9.40372	770.336
9.41229	770.336
9.41779	770.336
9.42271	770.336
9.42779	770.336
9.43327	770.336
9.43868	770.336
9.44532	770.336
9.45008	770.336
9.45533	770.336
9.45914	770.336
9.46325	770.336
9.47742	770.336
9.48715	770.336
9.49339	770.336
9.49917	770.336
9.50541	770.336
9.5112	770.336
9.51803	770.336
9.52305	770.336
9.52725	770.336
9.53245	770.336
9.53686	770.336
9.5405	770.336
9.54529	770.336
9.54978	770.336
9.55465	770.336
9.56173	770.336
9.56804	770.336
9.5734	770.336
9.58066	770.336
9.58942	770.336
9.59448	770.336
9.60065	770.336
9.60688	770.336
9.61139	770.336
9.61549	770.336
9.61949	770.336
9.62335	770.336
9.62813	770.336
9.63634	770.336
9.64207	770.336
9.64776	770.336
9.65257	770.336
9.6569	770.336
9.66071	770.336
9.66525	770.336
9.67169	770.336
9.67949	770.336
9.68415	770.336
9.69113	770.336
9.6979	770.336
9.70215	770.336
9.7071	770.336
9.71144	770.336
9.71574	770.336
9.71959	770.336
9.72366	770.336
9.72798	770.336
9.73239	770.336
9.74043	770.336
9.74812	770.336
9.75426	770.336
9.75896	770.336
9.76533	770.336
9.77255	770.336
9.7785	770.336
9.78357	770.336
9.79074	770.336
9.79664	770.336
9.80249	770.336
9.80686	770.336
9.81088	770.336
9.81468	770.336
9.81826	770.336
9.82352	770.336
9.82817	770.336
9.8326	770.336
9.83613	770.336
9.84155	770.336
9.84551	770.336
9.84889	770.336
9.85348	770.336
9.85687	770.336
9.8616	770.336
9.86578	770.336
9.86992	770.336
9.87364	770.336
9.87824	770.336
9.8828	770.336
9.88712	770.336
9.89091	770.336
9.89529	770.336
9.89893	770.336
9.90319	770.336
9.90729	770.336
9.91169	770.336
9.91599	770.336
9.92084	770.336
9.9262	770.336
9.9313	770.336
9.93714	770.336
9.94392	770.336
9.94738	770.336
9.95113	770.336
9.95618	770.336
9.96094	770.336
9.96463	770.336
9.96854	770.336
9.97253	770.336
9.97652	770.336
9.98084	770.336
9.98478	770.336
9.9888	770.336
9.99281	770.336
9.99756	770.336
10.00163	770.336
