0	278.016
0.00295	278.016
0.00708	289.6
0.01103	289.6
0.01472	289.6
0.01787	269.328
0.02188	269.328
0.02605	269.328
0.02939	278.016
0.03349	278.016
0.03673	278.016
0.04062	278.016
0.04387	278.016
0.04696	278.016
0.05036	278.016
0.05366	278.016
0.05677	278.016
0.06033	278.016
0.06384	278.016
0.06696	278.016
0.06986	278.016
0.07303	278.016
0.07598	278.016
0.07889	278.016
0.08218	278.016
0.08538	278.016
0.08932	289.6
0.09266	289.6
0.09659	269.328
0.0999	269.328
0.10309	269.328
0.10592	278.016
0.10911	278.016
0.11327	278.016
0.1164	280.912
0.11935	280.912
0.12277	280.912
0.12599	280.912
0.12908	280.912
0.13259	280.912
0.13574	280.912
0.13906	280.912
0.14273	280.912
0.14642	280.912
0.14961	280.912
0.15298	280.912
0.15602	280.912
0.15984	280.912
0.16301	280.912
0.16605	292.496
0.16901	292.496
0.17208	292.496
0.17527	292.496
0.17825	272.224
0.18165	272.224
0.18507	272.224
0.18828	280.912
0.19132	280.912
0.1947	280.912
0.19793	280.912
0.2011	280.912
0.20483	280.912
0.20801	280.912
0.21129	280.912
0.21446	280.912
0.21762	280.912
0.22096	280.912
0.22399	280.912
0.2284	280.912
0.2316	280.912
0.23449	278.016
0.23765	278.016
0.24078	278.016
0.24416	278.016
0.24737	289.6
0.25047	289.6
0.25368	289.6
0.25753	269.328
0.26227	269.328
0.26546	269.328
0.26934	278.016
0.27239	278.016
0.2764	278.016
0.27942	278.016
0.28238	278.016
0.28537	278.016
0.28919	278.016
0.29242	278.016
0.29548	278.016
0.29853	278.016
0.30175	278.016
0.30497	278.016
0.30837	278.016
0.31127	278.016
0.31408	278.016
0.31728	278.016
0.32051	278.016
0.32353	278.016
0.32665	289.6
0.32964	289.6
0.33271	289.6
0.33568	269.328
0.3387	269.328
0.34184	269.328
0.34515	266.432
0.34822	275.12
0.35237	275.12
0.35535	278.016
0.35825	278.016
0.36154	278.016
0.36511	278.016
0.36918	278.016
0.37231	278.016
0.37627	278.016
0.37925	280.912
0.38232	280.912
0.38556	280.912
0.3888	280.912
0.39192	280.912
0.39494	280.912
0.39825	280.912
0.4013	280.912
0.40497	280.912
0.40826	292.496
0.41115	292.496
0.41437	292.496
0.41743	272.224
0.42145	272.224
0.42465	272.224
0.42894	280.912
0.43215	280.912
0.43503	280.912
0.43849	280.912
0.4417	280.912
0.44516	280.912
0.44879	280.912
0.45181	280.912
0.45476	280.912
0.45783	280.912
0.46127	280.912
0.46547	280.912
0.46932	280.912
0.47307	280.912
0.47677	280.912
0.47999	280.912
0.4837	280.912
0.4869	292.496
0.49	292.496
0.4937	292.496
0.49731	272.224
0.50089	272.224
0.5041	272.224
0.50813	280.912
0.51117	280.912
0.51422	280.912
0.51714	280.912
0.52045	280.912
0.52366	280.912
0.52829	280.912
0.53144	280.912
0.53453	280.912
0.5382	280.912
0.54152	280.912
0.54466	280.912
0.54818	280.912
0.55139	280.912
0.55467	280.912
0.55778	280.912
0.56083	280.912
0.56434	280.912
0.56722	289.6
0.57051	289.6
0.57365	289.6
0.57729	269.328
0.58026	269.328
0.58337	269.328
0.58725	278.016
0.59015	278.016
0.59362	278.016
0.59681	278.016
0.60079	278.016
0.60386	278.016
0.60685	278.016
0.61007	278.016
0.61334	278.016
0.61707	278.016
0.62017	278.016
0.625	278.016
0.62828	278.016
0.63204	278.016
0.63672	278.016
0.63994	278.016
0.64386	278.016
0.64719	289.6
0.65038	289.6
0.65399	289.6
0.65727	269.328
0.66044	269.328
0.66401	269.328
0.66699	278.016
0.6703	278.016
0.6734	278.016
0.67748	278.016
0.6808	278.016
0.68385	278.016
0.68686	278.016
0.68994	278.016
0.69311	278.016
0.6961	278.016
0.69909	278.016
0.70243	278.016
0.70745	278.016
0.71073	278.016
0.7142	278.016
0.71753	278.016
0.72165	278.016
0.72473	278.016
0.72817	289.6
0.73117	289.6
0.73412	289.6
0.73986	269.328
0.74302	278.016
0.74588	318.56
0.74891	321.456
0.75252	321.456
0.75563	321.456
0.75852	321.456
0.76151	321.456
0.76446	321.456
0.76752	321.456
0.77079	321.456
0.77452	321.456
0.77751	321.456
0.78047	321.456
0.78339	321.456
0.78641	321.456
0.7896	321.456
0.79328	321.456
0.79628	321.456
0.79927	321.456
0.80208	321.456
0.80499	321.456
0.80816	333.04
0.81121	333.04
0.81438	333.04
0.81774	312.768
0.82107	312.768
0.82396	312.768
0.82705	321.456
0.83008	321.456
0.83344	321.456
0.83664	321.456
0.83969	321.456
0.84317	321.456
0.8461	321.456
0.84929	321.456
0.85222	321.456
0.85535	321.456
0.85842	321.456
0.86144	321.456
0.86476	321.456
0.86814	321.456
0.87127	321.456
0.87447	321.456
0.87759	321.456
0.88113	321.456
0.88453	321.456
0.88815	333.04
0.89752	333.04
0.90245	292.496
0.90791	301.184
0.91146	301.184
0.91526	301.184
0.91904	301.184
0.92292	301.184
0.92935	301.184
0.93378	301.184
0.93874	301.184
0.94433	301.184
0.94834	301.184
0.9524	301.184
0.95601	301.184
0.95945	301.184
0.96346	301.184
0.96674	312.768
0.97016	312.768
0.97599	312.768
0.97933	292.496
0.98347	292.496
0.98676	301.184
0.99005	301.184
0.99556	301.184
0.99925	301.184
1.00352	298.288
1.00718	298.288
1.01088	298.288
1.01419	298.288
1.02009	298.288
1.02324	298.288
1.02737	275.12
1.03066	275.12
1.0342	275.12
1.03776	275.12
1.0418	275.12
1.04513	275.12
1.04898	286.704
1.05303	286.704
1.05705	266.432
1.06039	266.432
1.06428	266.432
1.0677	275.12
1.07123	275.12
1.07545	275.12
1.07869	275.12
1.08263	275.12
1.08624	275.12
1.08982	275.12
1.09377	278.016
1.09726	278.016
1.10123	278.016
1.10461	278.016
1.10877	278.016
1.11211	278.016
1.11713	278.016
1.12052	278.016
1.12443	278.016
1.12779	289.6
1.13102	289.6
1.1352	289.6
1.13829	269.328
1.14168	269.328
1.14532	269.328
1.14973	278.016
1.15306	278.016
1.15695	278.016
1.16026	278.016
1.16332	278.016
1.16748	278.016
1.17069	278.016
1.17434	278.016
1.17788	278.016
1.18193	278.016
1.18774	278.016
1.19095	278.016
1.1941	278.016
1.19804	278.016
1.20229	278.016
1.20561	278.016
1.20947	289.6
1.21306	289.6
1.21625	269.328
1.21937	269.328
1.22304	269.328
1.22632	278.016
1.23203	278.016
1.23532	278.016
1.23915	280.912
1.24343	280.912
1.24702	278.016
1.25025	278.016
1.25373	278.016
1.25728	278.016
1.26116	278.016
1.2643	278.016
1.26881	278.016
1.27213	278.016
1.27536	278.016
1.27961	278.016
1.28274	278.016
1.28625	289.6
1.28981	289.6
1.29365	289.6
1.29711	269.328
1.30124	269.328
1.30453	269.328
1.30841	278.016
1.31166	278.016
1.31494	278.016
1.31903	278.016
1.3222	278.016
1.32839	278.016
1.33231	278.016
1.33574	278.016
1.33917	278.016
1.34268	278.016
1.34649	278.016
1.35002	278.016
1.35374	278.016
1.35757	278.016
1.3615	278.016
1.3654	278.016
1.37013	289.6
1.37503	289.6
1.37822	269.328
1.38226	269.328
1.38541	269.328
1.38866	278.016
1.3929	278.016
1.3959	278.016
1.40042	278.016
1.40364	278.016
1.40689	278.016
1.41021	278.016
1.4135	278.016
1.41731	278.016
1.42067	278.016
1.42474	278.016
1.42805	278.016
1.43112	278.016
1.43519	278.016
1.43827	278.016
1.44413	278.016
1.44802	289.6
1.45119	289.6
1.45432	289.6
1.45763	269.328
1.46164	269.328
1.46564	269.328
1.46966	275.12
1.47367	275.12
1.47784	275.12
1.48113	275.12
1.48561	275.12
1.48908	275.12
1.49282	275.12
1.49609	275.12
1.49926	275.12
1.50333	275.12
1.50733	275.12
1.51136	275.12
1.51543	275.12
1.51957	275.12
1.52377	275.12
1.5281	286.704
1.53238	286.704
1.53704	266.432
1.54033	266.432
1.54345	266.432
1.54694	275.12
1.55065	275.12
1.55402	275.12
1.55844	278.016
1.56164	278.016
1.56571	278.016
1.56974	278.016
1.57294	278.016
1.57782	278.016
1.58168	278.016
1.58526	278.016
1.5889	278.016
1.59211	278.016
1.59636	278.016
1.59961	278.016
1.6032	278.016
1.60677	289.6
1.60995	289.6
1.6149	289.6
1.6181	269.328
1.62161	269.328
1.62543	269.328
1.6289	278.016
1.63261	278.016
1.63584	278.016
1.63904	278.016
1.64315	278.016
1.64711	278.016
1.6512	278.016
1.65491	278.016
1.65818	278.016
1.66176	278.016
1.66564	278.016
1.66975	278.016
1.67375	278.016
1.67818	278.016
1.6813	278.016
1.68447	278.016
1.68925	289.6
1.69341	289.6
1.69746	269.328
1.7011	269.328
1.70483	269.328
1.70863	278.016
1.71185	278.016
1.71655	278.016
1.71978	278.016
1.72291	278.016
1.72699	278.016
1.73085	278.016
1.73409	278.016
1.74006	278.016
1.74335	278.016
1.74724	278.016
1.75049	278.016
1.75598	278.016
1.7591	278.016
1.76274	278.016
1.76726	289.6
1.77099	289.6
1.77408	289.6
1.77718	269.328
1.78053	269.328
1.78475	269.328
1.78812	278.016
1.79123	278.016
1.79497	278.016
1.79864	278.016
1.80207	278.016
1.8057	278.016
1.80887	278.016
1.81311	278.016
1.81972	278.016
1.82311	278.016
1.82648	278.016
1.83049	278.016
1.83469	292.496
1.83808	292.496
1.8412	292.496
1.84434	292.496
1.84746	304.08
1.85041	304.08
1.85328	304.08
1.85632	283.808
1.85929	283.808
1.86238	283.808
1.86525	283.808
1.86839	292.496
1.8713	292.496
1.87488	292.496
1.87788	292.496
1.88143	292.496
1.8844	292.496
1.8874	292.496
1.89064	292.496
1.89378	292.496
1.89761	292.496
1.90123	292.496
1.90473	292.496
1.90832	292.496
1.91136	330.144
1.91485	330.144
1.91864	330.144
1.92226	330.144
1.9256	338.832
1.92864	341.728
1.93173	341.728
1.93535	321.456
1.93839	321.456
1.94164	321.456
1.94474	330.144
1.94773	330.144
1.95061	330.144
1.95364	327.248
1.95679	327.248
1.96326	327.248
1.9662	327.248
1.96911	327.248
1.97208	327.248
1.97524	327.248
1.97816	327.248
1.98102	327.248
1.98395	327.248
1.98698	327.248
1.99004	327.248
1.99309	327.248
1.99675	327.248
1.99981	327.248
2.00266	327.248
2.00572	338.832
2.0087	338.832
2.01161	338.832
2.0147	318.56
2.01752	318.56
2.02033	318.56
2.0232	318.56
2.02626	327.248
2.02965	327.248
2.03283	327.248
2.03591	327.248
2.03992	327.248
2.04279	327.248
2.04571	327.248
2.04887	327.248
2.0521	327.248
2.05581	327.248
2.05892	327.248
2.06184	327.248
2.06503	327.248
2.06802	327.248
2.07088	327.248
2.07373	327.248
2.07706	327.248
2.08027	327.248
2.08315	327.248
2.08616	338.832
2.08931	338.832
2.09234	338.832
2.09551	318.56
2.09881	318.56
2.10189	318.56
2.10491	327.248
2.10776	327.248
2.111	327.248
2.11435	327.248
2.1177	327.248
2.12076	327.248
2.12533	289.6
2.129	289.6
2.13298	289.6
2.13932	289.6
2.1447	289.6
2.14861	289.6
2.15302	289.6
2.15638	289.6
2.15938	289.6
2.1624	289.6
2.16648	301.184
2.17052	301.184
2.17397	280.912
2.17729	280.912
2.18028	280.912
2.18383	289.6
2.18673	289.6
2.19008	289.6
2.19316	289.6
2.19612	292.496
2.19939	292.496
2.20269	292.496
2.20681	292.496
2.2099	292.496
2.21331	292.496
2.2171	292.496
2.22075	292.496
2.22397	292.496
2.22709	292.496
2.23048	292.496
2.23353	292.496
2.23659	292.496
2.23952	278.016
2.24298	278.016
2.24628	289.6
2.2498	289.6
2.25378	289.6
2.2573	269.328
2.26078	269.328
2.2642	278.016
2.26741	278.016
2.27056	278.016
2.27408	280.912
2.27722	280.912
2.2807	280.912
2.28394	280.912
2.28725	280.912
2.29034	280.912
2.29355	280.912
2.29692	280.912
2.3005	280.912
2.30344	280.912
2.30653	280.912
2.30997	280.912
2.31299	280.912
2.31611	280.912
2.31931	280.912
2.32271	280.912
2.32654	292.496
2.32999	292.496
2.33343	292.496
2.3364	272.224
2.33937	272.224
2.34279	272.224
2.34591	280.912
2.34926	280.912
2.35282	278.016
2.35632	278.016
2.35932	278.016
2.36273	278.016
2.36623	278.016
2.36986	278.016
2.37296	278.016
2.37681	278.016
2.38019	278.016
2.38321	278.016
2.38631	280.912
2.38954	280.912
2.39274	280.912
2.39632	280.912
2.3995	280.912
2.40273	280.912
2.40586	292.496
2.40956	292.496
2.4127	292.496
2.41625	272.224
2.41928	272.224
2.42218	272.224
2.42571	280.912
2.42879	280.912
2.43234	280.912
2.43539	280.912
2.43831	280.912
2.44221	280.912
2.44515	280.912
2.44869	280.912
2.45184	280.912
2.45529	280.912
2.4592	280.912
2.46217	280.912
2.46583	280.912
2.46934	280.912
2.47311	280.912
2.47679	280.912
2.47981	280.912
2.48327	280.912
2.48617	292.496
2.4898	292.496
2.49292	292.496
2.49591	272.224
2.49886	272.224
2.50199	272.224
2.50496	280.912
2.50827	280.912
2.51153	280.912
2.51467	280.912
2.51793	280.912
2.52119	280.912
2.52423	280.912
2.52707	280.912
2.53025	280.912
2.53311	280.912
2.53621	280.912
2.53982	280.912
2.54286	280.912
2.54613	280.912
2.54916	278.016
2.55268	278.016
2.55589	278.016
2.56029	278.016
2.56431	278.016
2.56746	289.6
2.57055	289.6
2.57469	266.432
2.57806	266.432
2.58121	266.432
2.58573	275.12
2.58876	275.12
2.59252	275.12
2.596	275.12
2.59915	275.12
2.6025	275.12
2.60594	275.12
2.60898	275.12
2.61207	275.12
2.61536	275.12
2.61856	275.12
2.62177	275.12
2.62532	275.12
2.62834	275.12
2.63196	275.12
2.63512	275.12
2.63822	275.12
2.64172	275.12
2.64519	286.704
2.64835	286.704
2.65122	286.704
2.65454	266.432
2.65775	266.432
2.66082	263.536
2.66459	272.224
2.66793	272.224
2.67068	272.224
2.67403	272.224
2.67801	272.224
2.68204	275.12
2.68532	275.12
2.68822	275.12
2.69124	275.12
2.69447	275.12
2.69903	275.12
2.70226	275.12
2.70551	275.12
2.70861	275.12
2.71151	275.12
2.71455	275.12
2.71742	275.12
2.72069	275.12
2.72375	286.704
2.72671	286.704
2.72957	286.704
2.73269	286.704
2.73589	266.432
2.73875	266.432
2.74239	266.432
2.74562	275.12
2.74899	275.12
2.75267	275.12
2.75643	278.016
2.75975	278.016
2.76281	278.016
2.7661	278.016
2.76949	278.016
2.77256	278.016
2.77548	278.016
2.77878	278.016
2.78221	278.016
2.78543	278.016
2.78907	278.016
2.79224	278.016
2.79538	278.016
2.79869	278.016
2.80201	278.016
2.80538	289.6
2.80891	289.6
2.81278	289.6
2.81573	269.328
2.81871	269.328
2.82203	269.328
2.82505	278.016
2.82822	278.016
2.83221	278.016
2.8354	278.016
2.83848	278.016
2.84142	278.016
2.84485	278.016
2.84846	278.016
2.85147	278.016
2.85485	278.016
2.85853	278.016
2.86253	278.016
2.86602	278.016
2.86916	278.016
2.8729	278.016
2.87602	278.016
2.88031	278.016
2.88348	278.016
2.88691	289.6
2.89011	289.6
2.89367	289.6
2.897	269.328
2.90013	269.328
2.90312	269.328
2.90599	278.016
2.90935	278.016
2.91237	278.016
2.91546	278.016
2.91963	278.016
2.92306	278.016
2.92621	278.016
2.93004	278.016
2.93326	278.016
2.93782	278.016
2.9409	278.016
2.94463	278.016
2.94788	278.016
2.95089	278.016
2.95399	278.016
2.95752	278.016
2.96066	278.016
2.96349	278.016
2.9667	289.6
2.96978	289.6
2.97339	289.6
2.97636	269.328
2.97931	269.328
2.98336	269.328
2.98642	278.016
2.9905	275.12
2.99377	278.016
2.99752	278.016
3.00078	278.016
3.00378	278.016
3.00689	278.016
3.01019	278.016
3.0133	278.016
3.0166	278.016
3.02058	278.016
3.02431	278.016
3.02721	278.016
3.03127	278.016
3.03438	278.016
3.03783	278.016
3.04124	278.016
3.04534	289.6
3.04874	289.6
3.05205	289.6
3.055	269.328
3.05814	269.328
3.06113	269.328
3.06448	278.016
3.06742	278.016
3.07062	278.016
3.07379	278.016
3.07788	278.016
3.0811	278.016
3.08563	278.016
3.08874	278.016
3.0926	278.016
3.09587	278.016
3.09878	278.016
3.10228	278.016
3.1057	278.016
3.10966	278.016
3.11298	278.016
3.11697	278.016
3.12017	278.016
3.12331	278.016
3.12711	289.6
3.13003	289.6
3.13361	289.6
3.13678	269.328
3.14085	269.328
3.1439	278.016
3.14687	278.016
3.15017	278.016
3.15393	278.016
3.15707	278.016
3.1609	278.016
3.16419	278.016
3.16725	278.016
3.17062	278.016
3.17354	278.016
3.17687	278.016
3.18035	278.016
3.18341	280.912
3.18666	280.912
3.18995	280.912
3.19301	280.912
3.196	280.912
3.19908	280.912
3.20204	280.912
3.20504	292.496
3.20826	292.496
3.21122	292.496
3.21439	272.224
3.21732	272.224
3.22028	272.224
3.22406	280.912
3.22732	280.912
3.23082	280.912
3.23391	280.912
3.23702	280.912
3.24031	280.912
3.24339	280.912
3.2469	280.912
3.25007	280.912
3.25394	280.912
3.25759	280.912
3.26095	280.912
3.2639	280.912
3.26677	280.912
3.26994	280.912
3.27288	280.912
3.27628	280.912
3.28	280.912
3.28294	280.912
3.28608	292.496
3.28919	292.496
3.29297	292.496
3.29594	272.224
3.29929	272.224
3.30223	272.224
3.30553	280.912
3.30905	280.912
3.31238	280.912
3.3155	280.912
3.31893	280.912
3.32191	280.912
3.32521	280.912
3.32862	280.912
3.33197	280.912
3.33496	280.912
3.33798	280.912
3.34143	280.912
3.34457	278.016
3.34877	278.016
3.35238	278.016
3.35558	278.016
3.35844	278.016
3.36168	278.016
3.3654	289.6
3.3687	289.6
3.37191	289.6
3.37548	269.328
3.3787	269.328
3.38187	269.328
3.38524	278.016
3.38863	278.016
3.3921	278.016
3.39544	278.016
3.39844	278.016
3.40138	278.016
3.40464	278.016
3.40891	278.016
3.41253	278.016
3.41592	278.016
3.41941	278.016
3.42267	278.016
3.42565	278.016
3.42945	278.016
3.43459	278.016
3.43778	278.016
3.44063	278.016
3.44486	289.6
3.44814	289.6
3.45111	289.6
3.45495	269.328
3.45806	269.328
3.46194	269.328
3.46497	278.016
3.46904	278.016
3.47208	278.016
3.4765	278.016
3.47985	278.016
3.48288	278.016
3.48631	278.016
3.48961	278.016
3.49368	278.016
3.4974	278.016
3.50139	278.016
3.50482	278.016
3.50926	278.016
3.51369	278.016
3.51741	278.016
3.52106	278.016
3.52513	289.6
3.52814	289.6
3.53141	289.6
3.53525	269.328
3.53799	269.328
3.54189	269.328
3.54544	278.016
3.5495	278.016
3.55275	278.016
3.55676	278.016
3.56018	278.016
3.56338	278.016
3.56727	278.016
3.57047	278.016
3.57441	278.016
3.578	278.016
3.58189	278.016
3.58515	278.016
3.58896	278.016
3.59189	278.016
3.59517	278.016
3.59903	278.016
3.60239	278.016
3.60537	289.6
3.60842	289.6
3.61287	289.6
3.61637	269.328
3.61939	269.328
3.62344	269.328
3.62661	278.016
3.62969	278.016
3.6326	278.016
3.63687	278.016
3.64009	278.016
3.6433	278.016
3.64756	278.016
3.6512	278.016
3.65501	278.016
3.65824	278.016
3.66129	278.016
3.66461	278.016
3.67076	278.016
3.67407	278.016
3.67734	278.016
3.68074	278.016
3.68447	289.6
3.68831	289.6
3.69308	289.6
3.69806	269.328
3.70224	269.328
3.7055	278.016
3.7097	278.016
3.71329	278.016
3.71675	278.016
3.71967	278.016
3.7229	278.016
3.72645	278.016
3.72951	278.016
3.73348	278.016
3.73724	278.016
3.74116	278.016
3.74449	278.016
3.7486	278.016
3.75197	278.016
3.75517	278.016
3.75912	278.016
3.76221	278.016
3.76577	289.6
3.76926	289.6
3.77376	289.6
3.77725	269.328
3.78048	269.328
3.78413	269.328
3.78793	275.12
3.79279	275.12
3.80131	283.808
3.80518	306.976
3.80872	306.976
3.81208	306.976
3.81551	306.976
3.81862	306.976
3.82173	306.976
3.82461	306.976
3.82786	306.976
3.83121	306.976
3.83562	306.976
3.8417	306.976
3.84693	318.56
3.85098	318.56
3.85548	298.288
3.86162	298.288
3.86486	306.976
3.86879	306.976
3.87259	306.976
3.87655	306.976
3.88127	306.976
3.88601	309.872
3.89014	309.872
3.89662	309.872
3.90437	309.872
3.91185	309.872
3.92011	309.872
3.92668	321.456
3.93073	321.456
3.93413	301.184
3.93812	301.184
3.94235	301.184
3.94641	309.872
3.94965	309.872
3.95396	309.872
3.95834	309.872
3.9633	309.872
3.96742	309.872
3.97031	309.872
3.97375	309.872
3.97684	309.872
3.98006	309.872
3.98474	309.872
3.98882	309.872
3.99284	309.872
3.99683	309.872
4.00054	309.872
4.00613	321.456
4.01216	321.456
4.01611	301.184
4.01914	272.224
4.02244	272.224
4.02536	280.912
4.02879	280.912
4.03234	280.912
4.03653	280.912
4.04047	280.912
4.04353	280.912
4.04654	280.912
4.04982	280.912
4.05368	280.912
4.0578	280.912
4.06324	280.912
4.06742	280.912
4.07252	280.912
4.07644	280.912
4.08053	280.912
4.08514	280.912
4.08929	292.496
4.09325	292.496
4.09658	272.224
4.10057	272.224
4.105	280.912
4.10964	280.912
4.11434	280.912
4.12084	280.912
4.12513	280.912
4.12913	280.912
4.1323	280.912
4.13536	280.912
4.1393	280.912
4.14602	280.912
4.14914	280.912
4.15365	280.912
4.15781	280.912
4.16197	280.912
4.16559	292.496
4.1699	292.496
4.17294	292.496
4.17636	272.224
4.1806	272.224
4.184	280.912
4.18842	280.912
4.19217	280.912
4.19555	280.912
4.20032	280.912
4.20507	280.912
4.20922	280.912
4.21339	280.912
4.21838	280.912
4.2241	280.912
4.23038	280.912
4.23343	280.912
4.23743	280.912
4.2417	280.912
4.24507	292.496
4.25227	289.6
4.25532	269.328
4.26118	269.328
4.26793	278.016
4.27231	278.016
4.27521	278.016
4.27893	278.016
4.28447	278.016
4.29127	278.016
4.29748	280.912
4.30337	280.912
4.30877	280.912
4.31446	280.912
4.31864	280.912
4.32254	280.912
4.32939	292.496
4.3333	292.496
4.33806	272.224
4.34159	272.224
4.34644	280.912
4.34982	280.912
4.35639	280.912
4.3612	280.912
4.36723	280.912
4.37145	280.912
4.37558	280.912
4.38003	280.912
4.38475	280.912
4.3886	280.912
4.3926	280.912
4.39639	280.912
4.40145	280.912
4.40601	292.496
4.41254	292.496
4.41754	272.224
4.42216	272.224
4.42829	280.912
4.43345	280.912
4.4376	280.912
4.4421	280.912
4.4457	280.912
4.44999	280.912
4.45536	280.912
4.46091	280.912
4.46498	280.912
4.46994	280.912
4.47662	278.016
4.4816	278.016
4.48557	289.6
4.49012	289.6
4.49438	269.328
4.4988	269.328
4.50594	278.016
4.51127	280.912
4.51564	280.912
4.52053	280.912
4.5255	280.912
4.5322	280.912
4.53679	280.912
4.54115	280.912
4.54725	280.912
4.55244	280.912
4.55601	280.912
4.56058	280.912
4.5647	292.496
4.56886	292.496
4.57227	292.496
4.57661	272.224
4.58012	272.224
4.58515	280.912
4.59097	280.912
4.59497	280.912
4.59871	280.912
4.60301	280.912
4.6075	280.912
4.61261	280.912
4.61705	286.704
4.62118	286.704
4.62537	286.704
4.6296	286.704
4.63388	286.704
4.64038	286.704
4.6447	298.288
4.64821	298.288
4.65286	298.288
4.65672	278.016
4.66092	278.016
4.66475	286.704
4.66918	286.704
4.67259	286.704
4.6769	286.704
4.68048	286.704
4.68691	286.704
4.69317	286.704
4.69699	286.704
4.70191	286.704
4.70554	286.704
4.71004	286.704
4.71361	286.704
4.71874	286.704
4.72265	286.704
4.72674	298.288
4.73018	298.288
4.73464	278.016
4.74085	278.016
4.74631	286.704
4.75058	286.704
4.75488	286.704
4.76089	286.704
4.7654	286.704
4.76949	286.704
4.77454	286.704
4.77905	286.704
4.78322	286.704
4.78649	286.704
4.79085	286.704
4.79524	286.704
4.79852	286.704
4.80268	286.704
4.80918	298.288
4.81419	292.496
4.8188	272.224
4.82262	272.224
4.82659	280.912
4.83044	280.912
4.8341	280.912
4.83817	280.912
4.84202	280.912
4.84842	280.912
4.85298	280.912
4.85671	280.912
4.86093	280.912
4.86443	280.912
4.86907	280.912
4.87358	280.912
4.88044	280.912
4.88547	292.496
4.89048	292.496
4.89463	272.224
4.89932	272.224
4.903	278.016
4.90742	278.016
4.9109	278.016
4.9156	280.912
4.91897	280.912
4.92317	280.912
4.9272	278.016
4.93126	278.016
4.93519	278.016
4.9396	278.016
4.94408	278.016
4.94924	278.016
4.95372	278.016
4.95793	278.016
4.96424	289.6
4.96813	289.6
4.97139	289.6
4.975	269.328
4.97917	269.328
4.98293	278.016
4.98718	278.016
4.99065	278.016
4.99491	278.016
4.99944	280.912
5.0051	280.912
5.00971	280.912
5.01375	280.912
5.01842	280.912
5.02463	280.912
5.02951	280.912
5.03329	280.912
5.03748	280.912
5.04185	280.912
5.04829	292.496
5.05298	292.496
5.05673	272.224
5.06108	272.224
5.06575	280.912
5.06909	280.912
5.07389	280.912
5.07772	280.912
5.08267	280.912
5.08614	280.912
5.09108	280.912
5.09606	280.912
5.09951	280.912
5.10359	280.912
5.10853	280.912
5.11374	280.912
5.11786	280.912
5.12163	280.912
5.12583	292.496
5.1301	292.496
5.13394	272.224
5.13871	272.224
5.14328	272.224
5.14759	280.912
5.15103	280.912
5.15531	280.912
5.15901	280.912
5.16312	280.912
5.16694	280.912
5.17122	280.912
5.17449	280.912
5.17868	280.912
5.18256	280.912
5.18675	280.912
5.19348	280.912
5.19912	280.912
5.20515	292.496
5.20942	292.496
5.21363	272.224
5.21729	272.224
5.22148	272.224
5.22904	306.976
5.23371	306.976
5.23684	306.976
5.24103	306.976
5.24476	306.976
5.24964	306.976
5.25306	306.976
5.25856	306.976
5.26233	306.976
5.2654	306.976
5.26837	306.976
5.27194	306.976
5.2749	306.976
5.27928	306.976
5.28434	318.56
5.28943	318.56
5.29366	298.288
5.30039	298.288
5.30344	306.976
5.30749	306.976
5.31122	306.976
5.31471	306.976
5.31848	306.976
5.3219	306.976
5.32578	306.976
5.33259	306.976
5.33651	306.976
5.34102	306.976
5.34544	306.976
5.35015	306.976
5.35509	306.976
5.35869	306.976
5.3626	306.976
5.3662	318.56
5.37241	304.08
5.37725	283.808
5.3816	283.808
5.38523	292.496
5.391	292.496
5.39671	292.496
5.40143	292.496
5.40611	292.496
5.41002	292.496
5.41391	292.496
5.41854	292.496
5.42305	292.496
5.4288	292.496
5.43324	292.496
5.437	292.496
5.44157	292.496
5.44585	304.08
5.45174	304.08
5.45794	283.808
5.46164	283.808
5.46602	292.496
5.47228	292.496
5.47765	292.496
5.48205	292.496
5.4869	278.016
5.4934	278.016
5.49782	278.016
5.50188	278.016
5.50596	278.016
5.51241	278.016
5.51659	278.016
5.521	278.016
5.52565	289.6
5.52979	289.6
5.53504	269.328
5.53934	269.328
5.54344	278.016
5.54855	278.016
5.5526	278.016
5.55685	278.016
5.56184	278.016
5.56677	278.016
5.57129	278.016
5.57693	278.016
5.58131	278.016
5.58544	278.016
5.58913	278.016
5.59371	278.016
5.59766	278.016
5.60466	289.6
5.6098	292.496
5.61373	272.224
5.61781	272.224
5.62178	272.224
5.62586	280.912
5.62956	280.912
5.63411	280.912
5.63774	280.912
5.64208	278.016
5.64607	278.016
5.65059	278.016
5.65502	278.016
5.66105	278.016
5.66642	278.016
5.67244	278.016
5.67781	278.016
5.68149	278.016
5.68521	289.6
5.68931	289.6
5.69301	269.328
5.69787	269.328
5.70146	269.328
5.70583	278.016
5.70948	278.016
5.7141	278.016
5.71816	278.016
5.72236	278.016
5.72648	278.016
5.73076	278.016
5.7346	278.016
5.73884	278.016
5.74513	278.016
5.75071	278.016
5.75481	278.016
5.75918	278.016
5.76312	289.6
5.76714	289.6
5.77306	289.6
5.77792	269.328
5.78485	278.016
5.78949	278.016
5.79411	278.016
5.79847	278.016
5.80466	278.016
5.81082	278.016
5.81561	278.016
5.82167	278.016
5.82774	278.016
5.8329	278.016
5.83785	278.016
5.84184	278.016
5.84607	289.6
5.84994	289.6
5.85344	269.328
5.85762	269.328
5.8619	269.328
5.86596	278.016
5.87023	278.016
5.87502	278.016
5.88043	278.016
5.88529	278.016
5.88965	278.016
5.89381	278.016
5.89775	278.016
5.90258	278.016
5.90756	278.016
5.91276	278.016
5.91723	278.016
5.92086	278.016
5.92512	289.6
5.92959	289.6
5.93383	269.328
5.94211	269.328
5.94771	278.016
5.95291	278.016
5.96279	278.016
5.96701	278.016
5.97167	278.016
5.97667	278.016
5.98113	278.016
5.98533	278.016
5.9891	278.016
5.99355	278.016
5.99734	278.016
6.00155	278.016
6.00515	289.6
6.00971	289.6
6.01346	269.328
6.02057	269.328
6.02498	278.016
6.02911	278.016
6.03267	278.016
6.03701	280.912
6.0406	280.912
6.045	280.912
6.04885	280.912
6.05357	280.912
6.05743	280.912
6.06179	280.912
6.06558	280.912
6.06987	280.912
6.07325	280.912
6.07773	280.912
6.08241	292.496
6.08684	292.496
6.09064	292.496
6.09445	272.224
6.09791	272.224
6.10366	280.912
6.10755	280.912
6.11192	280.912
6.11534	280.912
6.11975	280.912
6.12312	280.912
6.12778	280.912
6.13147	280.912
6.13593	280.912
6.13969	280.912
6.14492	280.912
6.14872	280.912
6.15346	280.912
6.15807	280.912
6.16214	292.496
6.16569	292.496
6.1704	292.496
6.17447	272.224
6.17881	272.224
6.18318	280.912
6.1868	280.912
6.19048	280.912
6.19414	280.912
6.20035	280.912
6.20486	280.912
6.20864	280.912
6.21349	280.912
6.21776	280.912
6.22224	280.912
6.22614	280.912
6.23282	280.912
6.24078	280.912
6.25137	321.456
6.25921	304.08
6.26562	312.768
6.26935	312.768
6.27448	312.768
6.27814	312.768
6.28154	312.768
6.28483	312.768
6.28915	312.768
6.29269	312.768
6.29678	312.768
6.30048	312.768
6.30577	312.768
6.3092	312.768
6.31344	312.768
6.31742	312.768
6.32187	312.768
6.32585	324.352
6.33019	324.352
6.3341	304.08
6.33806	304.08
6.34171	304.08
6.34564	309.872
6.35099	309.872
6.35627	309.872
6.3603	309.872
6.36448	309.872
6.36903	306.976
6.37632	306.976
6.3826	306.976
6.38704	306.976
6.39159	306.976
6.39634	306.976
6.40111	306.976
6.40627	318.56
6.41028	318.56
6.41423	289.6
6.41794	289.6
6.42164	289.6
6.42516	298.288
6.43023	298.288
6.43445	298.288
6.43995	306.976
6.44635	306.976
6.4503	306.976
6.45407	306.976
6.45901	306.976
6.46355	306.976
6.46724	306.976
6.47246	306.976
6.47753	306.976
6.48385	318.56
6.48746	286.704
6.49251	286.704
6.49725	266.432
6.50194	266.432
6.50581	275.12
6.51233	275.12
6.51642	275.12
6.52102	275.12
6.52522	275.12
6.52902	275.12
6.53424	275.12
6.53818	275.12
6.54287	275.12
6.54728	275.12
6.55136	275.12
6.55584	275.12
6.56049	275.12
6.56427	286.704
6.56891	286.704
6.57368	269.328
6.57799	269.328
6.5824	269.328
6.58675	278.016
6.59463	278.016
6.60295	278.016
6.60763	278.016
6.61221	278.016
6.61689	278.016
6.62116	278.016
6.62576	278.016
6.62977	278.016
6.63583	278.016
6.64014	278.016
6.64493	289.6
6.6498	289.6
6.65569	269.328
6.66033	269.328
6.66504	278.016
6.66918	278.016
6.67392	278.016
6.67771	278.016
6.68247	278.016
6.6861	278.016
6.68967	278.016
6.69328	278.016
6.69747	278.016
6.70144	278.016
6.70594	275.12
6.71067	275.12
6.71502	275.12
6.7205	275.12
6.72636	286.704
6.73385	286.704
6.73859	266.432
6.74329	275.12
6.74777	275.12
6.75133	275.12
6.75717	275.12
6.76233	275.12
6.766	275.12
6.77257	275.12
6.77728	275.12
6.78175	275.12
6.7877	275.12
6.7924	275.12
6.79703	275.12
6.80255	275.12
6.80714	286.704
6.81149	286.704
6.81488	266.432
6.81878	266.432
6.82302	266.432
6.82736	275.12
6.83128	275.12
6.83711	278.016
6.84154	278.016
6.8457	278.016
6.85237	278.016
6.8585	278.016
6.8634	278.016
6.86893	278.016
6.87291	278.016
6.87785	278.016
6.8824	278.016
6.8864	289.6
6.89104	289.6
6.89569	269.328
6.90146	269.328
6.90899	278.016
6.91278	278.016
6.91764	278.016
6.92159	278.016
6.9264	278.016
6.9317	278.016
6.93707	278.016
6.94161	278.016
6.94584	278.016
6.95092	278.016
6.95586	278.016
6.96039	278.016
6.96582	289.6
6.97121	289.6
6.97569	269.328
6.98054	269.328
6.984	278.016
6.98899	278.016
6.99268	278.016
6.99776	278.016
7.00196	278.016
7.0085	278.016
7.01345	278.016
7.01728	278.016
7.0218	278.016
7.0272	278.016
7.03241	278.016
7.03663	278.016
7.04284	278.016
7.0501	289.6
7.05723	266.432
7.06299	275.12
7.06725	275.12
7.07145	275.12
7.07539	278.016
7.07977	278.016
7.08492	278.016
7.08903	278.016
7.09379	278.016
7.09782	278.016
7.10294	278.016
7.10765	278.016
7.11286	278.016
7.11753	278.016
7.12361	289.6
7.13005	289.6
7.1348	269.328
7.13959	269.328
7.14416	278.016
7.14885	278.016
7.15396	278.016
7.16065	278.016
7.16506	278.016
7.16871	278.016
7.17304	278.016
7.17754	278.016
7.18293	278.016
7.18749	278.016
7.19315	278.016
7.19734	278.016
7.2014	278.016
7.20627	289.6
7.21152	289.6
7.21892	269.328
7.2252	278.016
7.23142	278.016
7.23571	278.016
7.24126	278.016
7.24569	278.016
7.24955	278.016
7.2542	278.016
7.25911	278.016
7.27082	278.016
7.27563	333.04
7.28109	335.936
7.28589	335.936
7.29053	347.52
7.29638	324.352
7.30028	324.352
7.30486	324.352
7.30876	333.04
7.31269	333.04
7.3171	333.04
7.32112	333.04
7.3254	333.04
7.32971	333.04
7.33496	333.04
7.33868	333.04
7.34235	333.04
7.34656	333.04
7.35232	333.04
7.3567	333.04
7.36142	333.04
7.36566	344.624
7.37043	344.624
7.37407	344.624
7.3804	324.352
7.38738	333.04
7.39407	333.04
7.39952	333.04
7.40371	333.04
7.40895	333.04
7.41389	333.04
7.42054	333.04
7.42477	333.04
7.42949	333.04
7.43414	333.04
7.43837	333.04
7.44219	333.04
7.44632	344.624
7.45003	344.624
7.4579	324.352
7.46426	324.352
7.46849	298.288
7.47353	298.288
7.47888	298.288
7.48257	298.288
7.48643	298.288
7.48988	298.288
7.49368	298.288
7.49775	298.288
7.50212	298.288
7.50755	298.288
7.51202	298.288
7.51685	298.288
7.52157	298.288
7.52954	309.872
7.53654	289.6
7.54135	289.6
7.54561	298.288
7.55119	298.288
7.55555	298.288
7.55964	298.288
7.56319	298.288
7.56693	298.288
7.57055	298.288
7.57446	298.288
7.57808	298.288
7.58389	298.288
7.5884	275.12
7.59347	275.12
7.5972	275.12
7.60166	275.12
7.60577	286.704
7.6098	286.704
7.61409	286.704
7.61806	266.432
7.62346	266.432
7.63104	275.12
7.63662	275.12
7.6416	275.12
7.64619	275.12
7.65085	275.12
7.65771	275.12
7.66502	275.12
7.66937	275.12
7.67423	275.12
7.68022	275.12
7.68571	286.704
7.69016	286.704
7.69429	286.704
7.69871	266.432
7.70299	266.432
7.70666	275.12
7.71077	275.12
7.71541	275.12
7.72039	278.016
7.72451	278.016
7.72879	278.016
7.73236	278.016
7.73659	278.016
7.74031	278.016
7.74514	278.016
7.75258	278.016
7.75743	278.016
7.76212	278.016
7.76763	289.6
7.77383	289.6
7.7778	269.328
7.78145	269.328
7.78633	278.016
7.79025	278.016
7.79441	278.016
7.79895	278.016
7.80332	278.016
7.80827	278.016
7.81301	278.016
7.81718	278.016
7.82167	278.016
7.82571	278.016
7.83053	278.016
7.83419	278.016
7.84065	278.016
7.84537	278.016
7.84959	289.6
7.85657	289.6
7.86277	269.328
7.86932	278.016
7.87469	278.016
7.87945	278.016
7.88395	278.016
7.88743	278.016
7.89228	278.016
7.89708	278.016
7.90203	278.016
7.90673	278.016
7.91135	278.016
7.91542	278.016
7.91964	278.016
7.92457	278.016
7.92874	289.6
7.93266	289.6
7.93674	269.328
7.94179	269.328
7.94876	278.016
7.95445	278.016
7.95875	278.016
7.96251	278.016
7.96653	278.016
7.97116	278.016
7.97477	278.016
7.97868	278.016
7.98262	278.016
7.98695	278.016
7.99152	278.016
7.99668	278.016
8.00141	278.016
8.006	289.6
8.01016	289.6
8.01588	269.328
8.01997	269.328
8.02372	269.328
8.02742	278.016
8.0318	278.016
8.03666	278.016
8.04303	278.016
8.04915	278.016
8.05494	278.016
8.05867	278.016
8.06298	278.016
8.06692	278.016
8.07096	5.792
8.07544	5.792
8.08027	5.792
8.08371	5.792
8.0896	5.792
8.09712	5.792
8.10149	5.792
8.10712	5.792
8.11374	5.792
8.12142	5.792
8.12593	5.792
8.12942	5.792
8.13592	5.792
8.14361	5.792
8.1509	5.792
8.15863	5.792
8.16473	5.792
8.17171	5.792
8.17983	5.792
8.18683	5.792
8.19433	5.792
8.19844	5.792
8.20353	5.792
8.20825	5.792
8.214	5.792
8.22156	5.792
8.22874	5.792
8.23482	5.792
8.24105	5.792
8.24929	5.792
8.25364	5.792
8.25912	5.792
8.26453	5.792
8.26751	5.792
8.27252	5.792
8.27757	5.792
8.28114	5.792
8.28931	5.792
8.29515	5.792
8.30071	285.256
8.30636	285.256
8.31153	304.08
8.31766	306.976
8.32353	272.224
8.3299	278.016
8.33715	283.808
8.34204	283.808
8.34818	286.704
8.35272	286.704
8.35839	286.704
8.36317	286.704
8.36835	286.704
8.37216	286.704
8.37733	286.704
8.38471	286.704
8.39144	289.6
8.4002	301.184
8.40517	280.912
8.4123	280.912
8.41795	292.496
8.42346	292.496
8.42863	292.496
8.43321	292.496
8.43769	295.392
8.44444	295.392
8.44932	295.392
8.45493	295.392
8.45948	295.392
8.4641	295.392
8.46909	295.392
8.47425	306.976
8.48017	306.976
8.48657	286.704
8.49709	327.248
8.50239	327.248
8.50719	327.248
8.5133	327.248
8.52011	327.248
8.52465	327.248
8.53042	327.248
8.53683	327.248
8.54489	327.248
8.55249	327.248
8.55798	327.248
8.56521	338.832
8.57179	318.56
8.57687	318.56
8.58165	327.248
8.58673	327.248
8.59252	327.248
8.59897	327.248
8.60494	324.352
8.60937	324.352
8.61646	324.352
8.62183	304.08
8.63045	304.08
8.63521	304.08
8.6405	304.08
8.6461	315.664
8.65122	315.664
8.65824	295.392
8.66556	304.08
8.67268	304.08
8.67716	304.08
8.68187	304.08
8.68738	304.08
8.69579	304.08
8.70372	304.08
8.70889	304.08
8.71511	292.496
8.72142	292.496
8.7257	304.08
8.72982	304.08
8.73639	283.808
8.74111	283.808
8.74452	283.808
8.74853	292.496
8.75223	295.392
8.7565	295.392
8.76178	295.392
8.76592	295.392
8.76935	295.392
8.77361	295.392
8.77744	295.392
8.78153	295.392
8.78492	295.392
8.78992	295.392
8.79345	295.392
8.79797	295.392
8.80134	295.392
8.80546	295.392
8.80899	306.976
8.81319	306.976
8.81682	286.704
8.82091	286.704
8.8242	286.704
8.82869	295.392
8.83276	295.392
8.83882	295.392
8.84355	295.392
8.84875	295.392
8.85388	295.392
8.85787	295.392
8.86229	295.392
8.8657	295.392
8.87013	295.392
8.8735	295.392
8.87802	295.392
8.88281	295.392
8.8873	295.392
8.8909	295.392
8.89599	306.976
8.90312	306.976
8.90704	286.704
8.91237	286.704
8.91826	295.392
8.92398	295.392
8.92825	295.392
8.93258	295.392
8.93626	295.392
8.94064	295.392
8.94449	295.392
8.94907	295.392
8.95257	295.392
8.95694	295.392
8.96071	295.392
8.965	295.392
8.96891	295.392
8.97307	295.392
8.9767	306.976
8.98092	306.976
8.9844	286.704
8.98936	278.016
8.99338	286.704
8.99793	295.392
9.00143	295.392
9.00652	295.392
9.011	295.392
9.01576	295.392
9.02152	295.392
9.02503	295.392
9.03048	295.392
9.03412	292.496
9.04028	292.496
9.04442	292.496
9.04828	292.496
9.05292	292.496
9.05657	292.496
9.06088	304.08
9.06466	304.08
9.0693	283.808
9.07278	283.808
9.07811	283.808
9.08343	292.496
9.08751	295.392
9.09101	295.392
9.0961	295.392
9.10129	295.392
9.10626	295.392
9.11117	295.392
9.11523	295.392
9.12115	295.392
9.12859	295.392
9.13362	295.392
9.13774	295.392
9.14226	306.976
9.1467	306.976
9.1514	286.704
9.15656	286.704
9.16102	295.392
9.16498	295.392
9.16923	295.392
9.17312	295.392
9.17912	295.392
9.18613	295.392
9.19011	295.392
9.1943	295.392
9.20031	295.392
9.20593	295.392
9.21242	295.392
9.21659	295.392
9.22036	306.976
9.22404	306.976
9.22904	306.976
9.2342	286.704
9.23812	286.704
9.2418	295.392
9.24597	295.392
9.25035	295.392
9.25444	295.392
9.25913	295.392
9.26445	295.392
9.26901	295.392
9.27297	295.392
9.27858	295.392
9.28445	295.392
9.28868	295.392
9.29307	295.392
9.29849	295.392
9.30348	306.976
9.30821	306.976
9.31325	306.976
9.31756	286.704
9.32432	295.392
9.32863	295.392
9.33235	295.392
9.33713	295.392
9.34279	295.392
9.3477	295.392
9.35122	295.392
9.35607	295.392
9.3595	295.392
9.36347	295.392
9.36861	295.392
9.37257	295.392
9.3771	295.392
9.38156	295.392
9.38669	306.976
9.39025	306.976
9.39392	306.976
9.39742	286.704
9.40174	286.704
9.40579	295.392
9.40954	295.392
9.41535	295.392
9.42254	295.392
9.42769	295.392
9.43264	295.392
9.43665	295.392
9.44124	298.288
9.44485	298.288
9.45042	298.288
9.45535	298.288
9.46006	298.288
9.46475	298.288
9.47166	309.872
9.47774	309.872
9.48173	289.6
9.48552	289.6
9.48957	298.288
9.49461	298.288
9.49873	298.288
9.50264	298.288
9.50694	298.288
9.51041	298.288
9.51489	298.288
9.51951	298.288
9.52323	298.288
9.52803	298.288
9.5314	298.288
9.53546	298.288
9.54151	298.288
9.54685	298.288
9.55076	312.768
9.55438	312.768
9.55813	312.768
9.56178	292.496
9.56596	292.496
9.57368	301.184
9.57945	301.184
9.58454	301.184
9.58979	301.184
9.59448	301.184
9.59852	301.184
9.60243	301.184
9.60627	301.184
9.61091	301.184
9.61678	301.184
9.62162	301.184
9.62649	301.184
9.63081	301.184
9.63425	312.768
9.63836	312.768
9.64254	312.768
9.64664	292.496
9.65157	292.496
9.65914	301.184
9.66305	301.184
9.66872	301.184
9.67361	301.184
9.67794	301.184
9.68186	301.184
9.68521	301.184
9.68902	301.184
9.69368	301.184
9.69765	301.184
9.70224	301.184
9.70617	301.184
9.71048	301.184
9.71425	301.184
9.71819	312.768
9.72196	312.768
9.72541	312.768
9.72978	292.496
9.73428	292.496
9.73829	301.184
9.74239	301.184
9.74736	301.184
9.75166	301.184
9.75517	301.184
9.75939	301.184
9.76337	301.184
9.76895	301.184
9.77381	301.184
9.77827	301.184
9.78337	301.184
9.78966	301.184
9.79372	301.184
9.79782	301.184
9.80173	312.768
9.80613	312.768
9.81216	292.496
9.81677	292.496
9.82009	301.184
9.82356	301.184
9.82817	301.184
9.8316	301.184
9.8359	301.184
9.8393	301.184
9.84424	301.184
9.84919	301.184
9.85326	301.184
9.85735	301.184
9.86255	295.392
9.86993	295.392
9.87519	295.392
9.87911	306.976
9.88335	306.976
9.88746	306.976
9.89224	286.704
9.89657	286.704
9.9006	295.392
9.90497	295.392
9.90933	295.392
9.91278	295.392
9.9173	298.288
9.9213	298.288
9.92553	298.288
9.92994	298.288
9.93365	298.288
9.93752	298.288
9.94212	298.288
9.94555	298.288
9.94956	298.288
9.95333	298.288
9.95754	298.288
9.96174	298.288
9.96622	309.872
9.97048	309.872
9.97591	289.6
9.98184	289.6
9.98665	298.288
9.99026	298.288
9.99497	298.288
10.00155	298.288
