0	298.288
0.00353	298.288
0.00802	298.288
0.01201	298.288
0.01609	298.288
0.02001	298.288
0.02441	298.288
0.02918	298.288
0.03462	298.288
0.03959	298.288
0.04435	295.392
0.0483	295.392
0.05292	295.392
0.05683	295.392
0.06099	295.392
0.06442	295.392
0.06815	295.392
0.07315	295.392
0.0777	292.496
0.08242	292.496
0.08618	292.496
0.09003	292.496
0.09389	292.496
0.09764	289.6
0.10431	292.496
0.10918	295.392
0.11493	295.392
0.12272	295.392
0.12857	295.392
0.13533	295.392
0.14193	295.392
0.14643	295.392
0.15295	295.392
0.15636	295.392
0.16002	295.392
0.1641	295.392
0.16805	295.392
0.17224	295.392
0.17607	295.392
0.18046	295.392
0.18455	295.392
0.18799	295.392
0.1919	295.392
0.19625	295.392
0.20035	295.392
0.20484	289.6
0.20812	289.6
0.21261	289.6
0.21685	289.6
0.22298	289.6
0.22712	289.6
0.23254	289.6
0.23649	289.6
0.24095	289.6
0.24516	289.6
0.24938	289.6
0.25522	292.496
0.25991	292.496
0.26455	292.496
0.26874	292.496
0.27382	292.496
0.27955	292.496
0.28658	292.496
0.29302	292.496
0.3002	292.496
0.30512	292.496
0.30979	292.496
0.31391	295.392
0.31714	298.288
0.32068	298.288
0.32459	298.288
0.32865	298.288
0.33254	298.288
0.33643	298.288
0.34015	298.288
0.34608	298.288
0.35054	298.288
0.35472	298.288
0.35953	298.288
0.36577	298.288
0.37052	298.288
0.37511	298.288
0.37879	298.288
0.38329	298.288
0.38779	298.288
0.39194	298.288
0.39561	298.288
0.40001	298.288
0.40503	298.288
0.4118	298.288
0.41693	298.288
0.42066	298.288
0.42434	298.288
0.42828	298.288
0.43214	292.496
0.43644	292.496
0.44082	292.496
0.44491	292.496
0.45039	292.496
0.45456	292.496
0.45913	292.496
0.46327	292.496
0.46799	292.496
0.47164	292.496
0.47622	292.496
0.47951	292.496
0.48368	292.496
0.48711	292.496
0.49175	292.496
0.49601	292.496
0.49967	292.496
0.50423	292.496
0.50779	292.496
0.51201	292.496
0.51662	292.496
0.52043	292.496
0.52425	292.496
0.52852	292.496
0.53217	292.496
0.53699	292.496
0.54065	292.496
0.54405	292.496
0.54769	292.496
0.55189	292.496
0.55601	292.496
0.56014	292.496
0.56594	292.496
0.57098	295.392
0.57403	295.392
0.57835	295.392
0.58213	295.392
0.58637	295.392
0.58968	295.392
0.59417	295.392
0.59718	295.392
0.60064	295.392
0.60403	295.392
0.60898	295.392
0.6131	295.392
0.61675	295.392
0.62036	295.392
0.62437	298.288
0.62816	298.288
0.63146	298.288
0.63592	298.288
0.63969	298.288
0.64374	298.288
0.6476	298.288
0.65195	298.288
0.65581	298.288
0.65974	298.288
0.66357	298.288
0.66776	298.288
0.67102	298.288
0.67593	298.288
0.68022	298.288
0.68431	298.288
0.69169	286.704
0.69773	286.704
0.70334	286.704
0.70817	286.704
0.71194	286.704
0.71626	286.704
0.71999	295.392
0.72409	295.392
0.72767	295.392
0.73204	295.392
0.73589	295.392
0.73995	295.392
0.74328	289.6
0.7479	292.496
0.75202	292.496
0.7565	295.392
0.7607	295.392
0.76656	295.392
0.76989	295.392
0.77471	295.392
0.77844	295.392
0.78189	295.392
0.78528	295.392
0.78881	295.392
0.79289	295.392
0.79938	295.392
0.80353	295.392
0.80687	295.392
0.81003	295.392
0.81393	295.392
0.81739	295.392
0.82098	295.392
0.82402	295.392
0.8286	295.392
0.83275	295.392
0.83598	295.392
0.84043	295.392
0.84403	295.392
0.84811	292.496
0.85146	292.496
0.85582	292.496
0.86388	292.496
0.86915	292.496
0.87345	295.392
0.87701	295.392
0.88043	295.392
0.88371	295.392
0.88832	295.392
0.89234	295.392
0.89674	295.392
0.90051	295.392
0.90705	295.392
0.9156	295.392
0.92313	295.392
0.92772	295.392
0.93146	295.392
0.93544	295.392
0.93864	295.392
0.94307	295.392
0.94708	295.392
0.95203	295.392
0.9555	292.496
0.96107	292.496
0.96475	292.496
0.96787	292.496
0.97128	292.496
0.97579	292.496
0.97947	292.496
0.98456	292.496
0.98901	292.496
0.99243	292.496
0.99558	292.496
0.99969	292.496
1.00329	292.496
1.00763	289.6
1.0114	289.6
1.01485	289.6
1.01916	289.6
1.02326	292.496
1.02972	292.496
1.0341	292.496
1.0388	292.496
1.0421	292.496
1.04698	292.496
1.0513	292.496
1.05498	292.496
1.05925	292.496
1.06411	292.496
1.06839	292.496
1.07185	292.496
1.07589	292.496
1.07956	292.496
1.08374	301.184
1.08782	301.184
1.09651	301.184
1.10068	327.248
1.10708	327.248
1.11096	327.248
1.1144	327.248
1.11948	327.248
1.12505	327.248
1.12959	327.248
1.13324	327.248
1.1374	327.248
1.14171	327.248
1.14674	327.248
1.15189	327.248
1.15557	327.248
1.15991	327.248
1.16387	327.248
1.16886	327.248
1.17286	301.184
1.17911	301.184
1.18378	301.184
1.18788	301.184
1.19179	301.184
1.19627	301.184
1.20044	301.184
1.20477	295.392
1.21132	295.392
1.2156	295.392
1.21946	295.392
1.22321	295.392
1.22706	295.392
1.23143	295.392
1.23491	295.392
1.23855	295.392
1.24196	295.392
1.24644	295.392
1.24998	295.392
1.25397	295.392
1.25759	295.392
1.2618	298.288
1.26503	298.288
1.26855	298.288
1.27213	298.288
1.27662	298.288
1.28067	298.288
1.2848	298.288
1.28843	298.288
1.29204	298.288
1.2956	298.288
1.29974	298.288
1.30394	298.288
1.30742	298.288
1.31161	298.288
1.31574	298.288
1.3238	298.288
1.32873	298.288
1.33706	295.392
1.34376	286.704
1.34821	286.704
1.35271	286.704
1.3566	286.704
1.36366	286.704
1.36757	286.704
1.3722	289.6
1.37649	292.496
1.38063	292.496
1.38368	292.496
1.38695	292.496
1.39181	292.496
1.39581	292.496
1.40023	292.496
1.40772	292.496
1.41321	292.496
1.41974	292.496
1.42516	292.496
1.43059	295.392
1.43703	295.392
1.44199	295.392
1.44611	295.392
1.45208	295.392
1.45647	295.392
1.46012	295.392
1.46499	295.392
1.46887	295.392
1.47529	295.392
1.48038	295.392
1.48478	292.496
1.48817	292.496
1.49306	292.496
1.49648	292.496
1.50199	292.496
1.50708	292.496
1.51127	292.496
1.51622	292.496
1.52288	292.496
1.52862	292.496
1.53207	292.496
1.54009	292.496
1.54462	292.496
1.55143	292.496
1.55595	292.496
1.56064	292.496
1.56588	292.496
1.57065	292.496
1.57757	292.496
1.58363	292.496
1.5893	292.496
1.59411	292.496
1.59867	292.496
1.60326	292.496
1.61114	292.496
1.61581	292.496
1.62142	292.496
1.62577	292.496
1.63175	292.496
1.63673	292.496
1.64071	292.496
1.64554	292.496
1.65084	292.496
1.65642	292.496
1.66392	292.496
1.66848	292.496
1.67437	292.496
1.68068	292.496
1.68748	292.496
1.69403	292.496
1.69923	292.496
1.70323	292.496
1.70795	292.496
1.71212	292.496
1.71568	292.496
1.72072	292.496
1.72684	292.496
1.73175	292.496
1.73641	292.496
1.74179	292.496
1.74887	292.496
1.75411	292.496
1.75866	292.496
1.76216	289.6
1.76715	289.6
1.77212	289.6
1.77732	289.6
1.78258	289.6
1.7859	289.6
1.79043	289.6
1.79405	289.6
1.79892	289.6
1.80461	292.496
1.80832	292.496
1.81278	292.496
1.81694	292.496
1.82116	292.496
1.82508	292.496
1.82905	292.496
1.8325	292.496
1.83712	292.496
1.84082	292.496
1.84456	292.496
1.84867	292.496
1.85228	292.496
1.85934	292.496
1.8631	292.496
1.86678	289.6
1.87276	289.6
1.87798	289.6
1.88344	289.6
1.88782	289.6
1.89267	289.6
1.8995	292.496
1.9046	292.496
1.90976	292.496
1.91485	292.496
1.91927	292.496
1.92312	292.496
1.92766	292.496
1.93139	292.496
1.93566	283.808
1.94041	283.808
1.94515	283.808
1.94947	283.808
1.95415	283.808
1.95939	283.808
1.96291	295.392
1.96783	295.392
1.97215	295.392
1.97656	292.496
1.98035	292.496
1.98473	292.496
1.98897	292.496
1.99348	292.496
1.9993	292.496
2.00426	292.496
2.00884	292.496
2.01237	292.496
2.01674	292.496
2.02036	292.496
2.02485	292.496
2.0288	292.496
2.03573	292.496
2.04133	292.496
2.04577	292.496
2.05024	292.496
2.05384	292.496
2.05853	295.392
2.06356	295.392
2.0673	295.392
2.07237	295.392
2.07956	295.392
2.08548	298.288
2.09129	298.288
2.09497	298.288
2.09882	298.288
2.10309	298.288
2.10766	298.288
2.11269	298.288
2.11801	298.288
2.12339	298.288
2.12986	298.288
2.13579	298.288
2.13999	298.288
2.14435	298.288
2.14802	298.288
2.1526	298.288
2.15635	298.288
2.16124	298.288
2.16473	298.288
2.16855	298.288
2.17261	298.288
2.17695	283.808
2.18072	289.6
2.18448	292.496
2.18812	289.6
2.19259	289.6
2.19702	289.6
2.20231	292.496
2.20605	292.496
2.21076	292.496
2.21578	292.496
2.22023	292.496
2.22734	292.496
2.23187	292.496
2.23961	292.496
2.24611	289.6
2.25143	289.6
2.25528	289.6
2.25984	289.6
2.26467	289.6
2.26976	289.6
2.27721	292.496
2.28429	292.496
2.2898	292.496
2.29622	298.288
2.30119	298.288
2.30643	298.288
2.31121	298.288
2.31633	298.288
2.32458	298.288
2.32874	298.288
2.33482	298.288
2.34037	298.288
2.3456	298.288
2.35422	295.392
2.35973	295.392
2.36514	295.392
2.37314	295.392
2.37961	295.392
2.38418	295.392
2.38866	295.392
2.39509	295.392
2.39915	295.392
2.40485	292.496
2.40928	292.496
2.41595	292.496
2.42035	292.496
2.42511	292.496
2.4324	295.392
2.43788	304.08
2.44363	304.08
2.45185	304.08
2.45791	304.08
2.46369	304.08
2.46819	304.08
2.47241	304.08
2.47605	304.08
2.47992	304.08
2.48407	304.08
2.48828	304.08
2.49242	304.08
2.49662	304.08
2.50019	304.08
2.50379	304.08
2.5079	304.08
2.513	301.184
2.51716	301.184
2.52092	301.184
2.52442	301.184
2.52825	301.184
2.53298	301.184
2.53738	301.184
2.54096	301.184
2.54519	301.184
2.54963	301.184
2.55523	295.392
2.55883	295.392
2.56323	292.496
2.56693	292.496
2.57156	292.496
2.5754	292.496
2.57988	292.496
2.58422	289.6
2.5888	289.6
2.59245	289.6
2.59702	289.6
2.60079	289.6
2.60516	289.6
2.6095	295.392
2.61388	295.392
2.61809	295.392
2.62286	295.392
2.62675	295.392
2.63167	295.392
2.63617	295.392
2.6407	295.392
2.64492	304.08
2.64882	304.08
2.65273	304.08
2.65886	304.08
2.6633	304.08
2.66814	304.08
2.67182	298.288
2.67565	298.288
2.67963	298.288
2.68358	298.288
2.68804	298.288
2.69247	298.288
2.69817	298.288
2.70182	298.288
2.70535	298.288
2.71037	298.288
2.71649	298.288
2.72009	298.288
2.72477	298.288
2.73106	298.288
2.73771	298.288
2.74204	298.288
2.74633	298.288
2.75008	298.288
2.75397	292.496
2.75966	295.392
2.76404	295.392
2.77221	295.392
2.77617	295.392
2.7809	295.392
2.78522	295.392
2.79006	295.392
2.79556	295.392
2.79975	295.392
2.80405	295.392
2.80809	295.392
2.81181	295.392
2.81526	295.392
2.81916	295.392
2.82287	295.392
2.82682	295.392
2.83086	295.392
2.83485	295.392
2.83959	295.392
2.84403	295.392
2.84836	295.392
2.85248	295.392
2.85921	295.392
2.863	295.392
2.86719	295.392
2.873	295.392
2.87957	295.392
2.88395	292.496
2.88867	292.496
2.89243	292.496
2.89933	292.496
2.90373	292.496
2.90776	292.496
2.91218	292.496
2.91635	292.496
2.92135	292.496
2.92613	292.496
2.93087	292.496
2.93504	289.6
2.94065	289.6
2.94395	292.496
2.94773	292.496
2.95414	292.496
2.95979	292.496
2.96332	292.496
2.96663	292.496
2.97226	295.392
2.9757	295.392
2.97979	295.392
2.98398	295.392
2.9889	295.392
2.99284	295.392
2.99788	295.392
3.00261	295.392
3.00733	295.392
3.01074	295.392
3.01387	295.392
3.01809	295.392
3.02132	295.392
3.02491	295.392
3.02974	295.392
3.03519	295.392
3.04325	292.496
3.051	292.496
3.05668	292.496
3.06352	292.496
3.06824	301.184
3.07249	301.184
3.07666	301.184
3.0815	301.184
3.08624	295.392
3.0899	295.392
3.09492	295.392
3.0995	295.392
3.10379	295.392
3.10841	295.392
3.11183	298.288
3.11553	298.288
3.12	298.288
3.12378	298.288
3.12931	298.288
3.13803	301.184
3.14617	301.184
3.1524	301.184
3.15874	301.184
3.16689	301.184
3.17223	301.184
3.17733	301.184
3.1845	301.184
3.1882	301.184
3.19313	301.184
3.19682	301.184
3.20007	301.184
3.20352	292.496
3.20992	292.496
3.21505	292.496
3.22013	292.496
3.22522	292.496
3.2294	292.496
3.23548	292.496
3.24023	292.496
3.24634	292.496
3.25242	292.496
3.25862	292.496
3.26444	298.288
3.27261	298.288
3.27899	298.288
3.28455	298.288
3.29285	298.288
3.29748	298.288
3.30342	298.288
3.30785	298.288
3.31303	298.288
3.31682	298.288
3.32036	298.288
3.32471	298.288
3.32959	298.288
3.33615	298.288
3.34034	298.288
3.34525	298.288
3.34915	298.288
3.3545	298.288
3.35773	298.288
3.36098	292.496
3.36416	292.496
3.36832	292.496
3.37147	283.808
3.37485	283.808
3.37813	283.808
3.38274	286.704
3.3883	286.704
3.39311	286.704
3.39634	295.392
3.40025	295.392
3.40421	295.392
3.40865	295.392
3.41278	295.392
3.41594	295.392
3.41965	295.392
3.42326	295.392
3.4296	295.392
3.43288	295.392
3.43642	295.392
3.43998	295.392
3.44328	295.392
3.44679	295.392
3.45073	295.392
3.4538	295.392
3.45706	295.392
3.46014	295.392
3.46354	295.392
3.46726	292.496
3.47088	292.496
3.47468	292.496
3.47787	292.496
3.48078	292.496
3.48583	292.496
3.49126	295.392
3.49796	295.392
3.50461	295.392
3.51027	295.392
3.51399	295.392
3.51789	295.392
3.52092	292.496
3.52465	292.496
3.52766	292.496
3.53081	292.496
3.53389	292.496
3.53709	292.496
3.54038	292.496
3.54424	292.496
3.54856	292.496
3.55194	292.496
3.55544	292.496
3.55957	292.496
3.5631	292.496
3.56719	292.496
3.57101	292.496
3.57497	292.496
3.57848	292.496
3.58211	292.496
3.58645	292.496
3.59031	292.496
3.59372	292.496
3.59693	292.496
3.60047	292.496
3.60409	292.496
3.60781	292.496
3.61541	292.496
3.61905	292.496
3.62327	292.496
3.62687	289.6
3.63054	289.6
3.63587	292.496
3.64002	292.496
3.64356	292.496
3.64701	292.496
3.65108	292.496
3.65426	292.496
3.65808	292.496
3.66249	292.496
3.66826	292.496
3.67178	283.808
3.6759	283.808
3.67935	283.808
3.68354	283.808
3.68714	283.808
3.69204	283.808
3.69599	289.6
3.70124	289.6
3.70477	289.6
3.71087	289.6
3.71515	298.288
3.71862	298.288
3.72288	298.288
3.72645	298.288
3.72991	298.288
3.73401	298.288
3.73774	298.288
3.74201	298.288
3.74556	298.288
3.74995	298.288
3.75354	298.288
3.75788	298.288
3.76158	298.288
3.76581	298.288
3.7693	298.288
3.77281	298.288
3.77656	298.288
3.78033	298.288
3.78387	298.288
3.78815	298.288
3.79162	295.392
3.7957	295.392
3.79915	295.392
3.80341	295.392
3.80728	295.392
3.81177	295.392
3.81591	295.392
3.81991	295.392
3.82438	289.6
3.83015	289.6
3.83481	289.6
3.8382	289.6
3.84331	289.6
3.84798	292.496
3.85186	292.496
3.85598	292.496
3.86018	292.496
3.86457	292.496
3.86806	292.496
3.87308	292.496
3.87646	292.496
3.88057	292.496
3.88674	292.496
3.89084	292.496
3.89469	292.496
3.89806	292.496
3.90185	292.496
3.90559	292.496
3.90968	292.496
3.91404	292.496
3.91808	289.6
3.92205	289.6
3.9271	289.6
3.93171	289.6
3.93523	289.6
3.94011	289.6
3.94451	289.6
3.94793	289.6
3.95276	286.704
3.95673	286.704
3.96086	286.704
3.96532	286.704
3.97144	286.704
3.977	292.496
3.98069	292.496
3.98404	292.496
3.98835	292.496
3.99258	286.704
3.99616	286.704
4.00163	291.048
4.00504	292.496
4.01202	292.496
4.01778	292.496
4.02319	292.496
4.027	292.496
4.03118	292.496
4.03627	292.496
4.04055	292.496
4.04415	292.496
4.04826	292.496
4.05256	292.496
4.05608	286.704
4.05966	286.704
4.0636	286.704
4.06753	286.704
4.07178	289.6
4.07589	289.6
4.07938	292.496
4.08333	292.496
4.08749	292.496
4.09221	292.496
4.09696	292.496
4.10035	292.496
4.10402	292.496
4.10738	292.496
4.11157	292.496
4.11511	292.496
4.11927	295.392
4.12326	295.392
4.12884	295.392
4.13323	295.392
4.13659	295.392
4.14049	295.392
4.14558	295.392
4.15109	295.392
4.15555	298.288
4.15979	298.288
4.16442	298.288
4.17095	298.288
4.17499	298.288
4.17988	298.288
4.18499	298.288
4.18883	298.288
4.19298	298.288
4.19805	298.288
4.20318	298.288
4.20874	298.288
4.21481	298.288
4.21889	298.288
4.22616	298.288
4.22992	286.704
4.23484	292.496
4.23975	292.496
4.24346	295.392
4.24775	295.392
4.25128	295.392
4.25586	295.392
4.25937	301.184
4.26427	301.184
4.26801	301.184
4.27275	301.184
4.27624	301.184
4.28038	301.184
4.28447	301.184
4.29072	301.184
4.29399	301.184
4.29861	301.184
4.30279	301.184
4.30767	301.184
4.31408	301.184
4.3202	301.184
4.32446	298.288
4.32903	298.288
4.33242	298.288
4.33669	298.288
4.34012	298.288
4.34452	298.288
4.34801	298.288
4.35201	298.288
4.35623	298.288
4.35973	298.288
4.36454	298.288
4.36844	289.6
4.37271	289.6
4.37875	289.6
4.38209	289.6
4.38604	292.496
4.38985	292.496
4.39392	292.496
4.39828	292.496
4.40305	292.496
4.40661	292.496
4.40997	292.496
4.41501	292.496
4.41928	292.496
4.42414	292.496
4.42746	292.496
4.43205	295.392
4.43653	295.392
4.44292	295.392
4.44688	295.392
4.4515	295.392
4.45491	295.392
4.45879	295.392
4.46328	295.392
4.46735	295.392
4.47112	295.392
4.47519	295.392
4.48043	295.392
4.48724	295.392
4.49473	295.392
4.49966	295.392
4.50433	295.392
4.50849	295.392
4.51533	295.392
4.52141	295.392
4.52716	295.392
4.53395	295.392
4.53977	286.704
4.54394	286.704
4.55084	286.704
4.55507	286.704
4.56052	286.704
4.56486	286.704
4.56913	289.6
4.57395	295.392
4.57938	295.392
4.58609	295.392
4.5923	295.392
4.60002	292.496
4.60494	292.496
4.61088	292.496
4.61632	292.496
4.62105	292.496
4.62763	292.496
4.63346	292.496
4.63897	292.496
4.64299	292.496
4.64738	292.496
4.65116	292.496
4.65559	292.496
4.65934	292.496
4.66359	292.496
4.66673	292.496
4.66984	292.496
4.67376	292.496
4.6768	292.496
4.68281	280.912
4.68692	280.912
4.69076	280.912
4.69371	280.912
4.69765	280.912
4.70084	286.704
4.70673	286.704
4.71148	289.6
4.71577	289.6
4.7192	289.6
4.72265	289.6
4.72778	289.6
4.73178	292.496
4.73604	298.288
4.73972	298.288
4.74393	298.288
4.74716	298.288
4.752	298.288
4.7553	298.288
4.76077	298.288
4.76583	298.288
4.76984	298.288
4.77278	298.288
4.77652	298.288
4.7799	298.288
4.78369	301.184
4.78865	301.184
4.79201	301.184
4.79599	301.184
4.80066	301.184
4.80466	301.184
4.80835	295.392
4.81424	295.392
4.81819	295.392
4.82231	298.288
4.82601	298.288
4.83079	298.288
4.83396	298.288
4.83793	298.288
4.84123	298.288
4.84475	298.288
4.84927	298.288
4.85261	298.288
4.85852	298.288
4.86345	298.288
4.86684	298.288
4.87024	298.288
4.87386	298.288
4.87712	298.288
4.88083	298.288
4.88477	298.288
4.88776	298.288
4.89084	298.288
4.8942	289.6
4.89815	289.6
4.9016	289.6
4.90579	289.6
4.90905	289.6
4.91256	289.6
4.91816	286.704
4.92378	298.288
4.92774	298.288
4.93266	298.288
4.93702	298.288
4.94062	298.288
4.94385	298.288
4.94768	298.288
4.95168	298.288
4.95507	298.288
4.95929	298.288
4.96339	298.288
4.96689	298.288
4.97018	298.288
4.97415	298.288
4.97751	298.288
4.98141	298.288
4.98448	298.288
4.98877	298.288
4.99488	298.288
5.00108	298.288
5.0067	298.288
5.01184	298.288
5.01817	298.288
5.02546	298.288
5.03002	298.288
5.03469	298.288
5.03901	298.288
5.0428	298.288
5.04601	298.288
5.0507	298.288
5.05576	298.288
5.0613	298.288
5.06636	298.288
5.06984	298.288
5.07414	298.288
5.07737	295.392
5.08295	295.392
5.08772	295.392
5.09116	295.392
5.09564	295.392
5.09891	298.288
5.10344	298.288
5.10689	298.288
5.11099	298.288
5.11503	298.288
5.12169	298.288
5.12889	298.288
5.13818	298.288
5.14386	292.496
5.1483	292.496
5.15267	292.496
5.15673	292.496
5.16284	292.496
5.1669	292.496
5.17337	292.496
5.17697	292.496
5.18195	292.496
5.18662	301.184
5.18983	301.184
5.19435	301.184
5.19737	301.184
5.20076	301.184
5.20373	301.184
5.20829	301.184
5.21125	301.184
5.21564	301.184
5.219	301.184
5.2237	301.184
5.22683	301.184
5.23159	301.184
5.23558	301.184
5.23969	301.184
5.24303	301.184
5.24706	301.184
5.25036	292.496
5.25374	292.496
5.25781	292.496
5.26133	292.496
5.2645	292.496
5.26987	292.496
5.27384	292.496
5.27697	292.496
5.28032	292.496
5.2834	292.496
5.28739	292.496
5.29162	292.496
5.29547	283.808
5.29921	283.808
5.30357	283.808
5.30687	289.6
5.31	289.6
5.31385	289.6
5.31747	289.6
5.32229	289.6
5.32608	289.6
5.33046	289.6
5.33401	292.496
5.33807	292.496
5.34149	292.496
5.34543	292.496
5.34899	292.496
5.35304	292.496
5.3561	292.496
5.36039	292.496
5.36374	292.496
5.36758	292.496
5.37076	292.496
5.37411	292.496
5.37808	292.496
5.3816	292.496
5.38569	292.496
5.39046	292.496
5.39461	292.496
5.39786	292.496
5.40184	286.704
5.40598	286.704
5.40914	286.704
5.41236	289.6
5.41652	292.496
5.4227	292.496
5.42765	292.496
5.43098	292.496
5.43479	292.496
5.43872	292.496
5.4422	295.392
5.4453	295.392
5.44858	295.392
5.45193	295.392
5.45581	295.392
5.45962	295.392
5.46434	295.392
5.46817	295.392
5.47264	295.392
5.47714	295.392
5.48072	295.392
5.48678	295.392
5.49448	295.392
5.49956	295.392
5.50423	295.392
5.50878	292.496
5.51282	292.496
5.51637	292.496
5.5196	292.496
5.52408	292.496
5.52814	292.496
5.53223	292.496
5.53661	295.392
5.53989	295.392
5.54392	295.392
5.54801	298.288
5.55226	298.288
5.55595	298.288
5.55913	298.288
5.56283	298.288
5.56604	298.288
5.57074	298.288
5.57461	298.288
5.57924	298.288
5.58381	298.288
5.58834	298.288
5.59161	298.288
5.59533	298.288
5.59883	298.288
5.60382	298.288
5.60714	298.288
5.61111	298.288
5.61594	298.288
5.62045	298.288
5.62471	298.288
5.62801	298.288
5.6323	298.288
5.63639	298.288
5.64282	298.288
5.64603	295.392
5.64992	295.392
5.6545	295.392
5.65775	295.392
5.6614	295.392
5.66571	292.496
5.66923	292.496
5.67254	292.496
5.67567	292.496
5.67963	292.496
5.68506	292.496
5.68861	292.496
5.69628	292.496
5.70198	292.496
5.70624	292.496
5.71088	292.496
5.71545	292.496
5.71882	292.496
5.72358	292.496
5.72678	292.496
5.73255	289.6
5.73821	289.6
5.74317	289.6
5.7478	289.6
5.75213	289.6
5.75649	289.6
5.75983	292.496
5.76391	292.496
5.76945	292.496
5.77307	292.496
5.77634	292.496
5.77968	292.496
5.78296	292.496
5.78608	292.496
5.79103	292.496
5.79544	292.496
5.79953	292.496
5.80377	292.496
5.80855	292.496
5.81313	292.496
5.81642	292.496
5.82021	292.496
5.8259	292.496
5.83151	289.6
5.83935	289.6
5.84572	289.6
5.85182	289.6
5.85623	292.496
5.86079	292.496
5.86515	292.496
5.86836	292.496
5.87168	292.496
5.87603	292.496
5.8803	292.496
5.88438	292.496
5.8881	292.496
5.89255	292.496
5.89616	292.496
5.89973	292.496
5.90313	292.496
5.90821	292.496
5.91235	292.496
5.91646	292.496
5.92006	292.496
5.92421	292.496
5.92855	292.496
5.93197	292.496
5.93614	292.496
5.9399	292.496
5.94372	292.496
5.94684	292.496
5.95142	292.496
5.95483	292.496
5.95796	292.496
5.96216	292.496
5.96711	289.6
5.97164	289.6
5.9758	289.6
5.97968	289.6
5.98343	289.6
5.98659	286.704
5.98973	286.704
5.99341	286.704
6.0005	295.392
6.0076	295.392
6.01142	295.392
6.01538	295.392
6.02193	295.392
6.03027	295.392
6.03639	295.392
6.04121	295.392
6.04461	295.392
6.04834	295.392
6.05232	295.392
6.05702	295.392
6.06047	295.392
6.06431	295.392
6.06843	295.392
6.07199	295.392
6.07586	295.392
6.07983	295.392
6.08361	295.392
6.08736	295.392
6.09168	295.392
6.09681	292.496
6.10054	292.496
6.10471	292.496
6.1082	292.496
6.11276	292.496
6.11769	292.496
6.12367	292.496
6.12819	292.496
6.13467	292.496
6.14335	292.496
6.14836	295.392
6.15321	295.392
6.15644	295.392
6.16068	295.392
6.16429	295.392
6.1682	295.392
6.17423	295.392
6.18166	295.392
6.18776	295.392
6.19215	295.392
6.19902	295.392
6.20456	292.496
6.21204	292.496
6.21782	292.496
6.2215	292.496
6.22587	292.496
6.22934	292.496
6.23381	292.496
6.23903	292.496
6.2448	292.496
6.25084	292.496
6.2562	289.6
6.26101	292.496
6.26518	292.496
6.26943	292.496
6.27453	292.496
6.27938	292.496
6.28294	292.496
6.28778	292.496
6.292	292.496
6.29723	292.496
6.30308	292.496
6.30696	289.6
6.31163	289.6
6.31612	289.6
6.3232	289.6
6.32807	289.6
6.33197	289.6
6.33677	289.6
6.34104	289.6
6.34488	289.6
6.34855	289.6
6.35561	289.6
6.35989	292.496
6.3646	292.496
6.37103	292.496
6.37662	292.496
6.38296	295.392
6.38895	295.392
6.39423	295.392
6.39991	295.392
6.40407	295.392
6.40813	295.392
6.41215	295.392
6.41668	295.392
6.42065	295.392
6.42513	295.392
6.42939	295.392
6.43317	295.392
6.43657	295.392
6.44124	295.392
6.44644	295.392
6.45129	295.392
6.45644	295.392
6.46218	295.392
6.46879	295.392
6.47298	295.392
6.47665	295.392
6.48055	295.392
6.48769	295.392
6.49207	295.392
6.49665	295.392
6.50043	295.392
6.50486	295.392
6.50942	295.392
6.51319	295.392
6.51737	295.392
6.52379	295.392
6.52894	295.392
6.53344	295.392
6.53823	295.392
6.54225	295.392
6.54759	295.392
6.5529	295.392
6.55925	295.392
6.56437	295.392
6.56855	295.392
6.57217	295.392
6.57642	295.392
6.58105	295.392
6.58493	295.392
6.58935	295.392
6.59332	295.392
6.59717	295.392
6.60098	295.392
6.6047	295.392
6.6087	295.392
6.61298	295.392
6.6173	295.392
6.62105	295.392
6.6247	295.392
6.63116	292.496
6.63597	292.496
6.63948	292.496
6.64373	292.496
6.64827	292.496
6.65252	292.496
6.6587	292.496
6.6647	292.496
6.67079	292.496
6.67545	292.496
6.68029	292.496
6.68514	292.496
6.69202	292.496
6.69862	292.496
6.70437	292.496
6.71221	292.496
6.71715	292.496
6.72343	292.496
6.72923	289.6
6.7335	289.6
6.73819	289.6
6.74157	289.6
6.74588	289.6
6.75116	289.6
6.75554	289.6
6.75907	289.6
6.76464	289.6
6.76991	289.6
6.7744	289.6
6.7799	289.6
6.78535	298.288
6.79166	295.392
6.79752	295.392
6.80312	295.392
6.80682	295.392
6.81262	295.392
6.82029	295.392
6.82783	298.288
6.83325	298.288
6.83833	298.288
6.84461	298.288
6.85045	298.288
6.85416	298.288
6.85848	298.288
6.86313	298.288
6.86674	298.288
6.87201	298.288
6.88019	298.288
6.88435	298.288
6.88889	298.288
6.89308	298.288
6.89726	289.6
6.90123	289.6
6.9051	289.6
6.90925	289.6
6.91425	289.6
6.92068	289.6
6.92474	289.6
6.92913	289.6
6.93366	289.6
6.93793	292.496
6.9418	292.496
6.94608	292.496
6.95187	292.496
6.95621	292.496
6.96023	292.496
6.96369	292.496
6.96862	292.496
6.97287	292.496
6.97705	295.392
6.98072	295.392
6.98463	295.392
6.99076	295.392
6.99487	295.392
6.99943	295.392
7.00745	292.496
7.01222	292.496
7.01769	292.496
7.02476	292.496
7.03125	292.496
7.03641	295.392
7.04144	295.392
7.04746	295.392
7.05296	295.392
7.05804	295.392
7.06332	295.392
7.06914	295.392
7.07514	295.392
7.07963	295.392
7.08411	295.392
7.08805	280.912
7.09442	280.912
7.09949	280.912
7.10356	280.912
7.10897	278.016
7.11275	280.912
7.11641	289.6
7.12427	289.6
7.1308	289.6
7.13618	289.6
7.14123	289.6
7.14483	289.6
7.15024	289.6
7.15435	289.6
7.15917	289.6
7.16744	289.6
7.17509	289.6
7.17953	292.496
7.18572	292.496
7.19039	292.496
7.20018	292.496
7.20763	292.496
7.21294	292.496
7.21772	292.496
7.22225	295.392
7.22771	295.392
7.23124	295.392
7.23466	295.392
7.23847	295.392
7.24468	295.392
7.25136	295.392
7.25542	295.392
7.26155	295.392
7.26878	295.392
7.27597	295.392
7.28172	295.392
7.28706	295.392
7.29285	295.392
7.29947	295.392
7.30546	295.392
7.31	295.392
7.31514	295.392
7.31929	295.392
7.32409	295.392
7.32875	295.392
7.33305	295.392
7.3392	295.392
7.34566	295.392
7.34994	295.392
7.3534	295.392
7.35675	295.392
7.36032	295.392
7.36437	295.392
7.37065	295.392
7.37397	295.392
7.37708	292.496
7.38036	292.496
7.38398	292.496
7.388	289.6
7.39125	289.6
7.39496	289.6
7.39859	289.6
7.40212	289.6
7.40608	289.6
7.41006	289.6
7.41391	289.6
7.41709	289.6
7.4207	289.6
7.42467	289.6
7.42902	289.6
7.4331	292.496
7.43686	292.496
7.44282	292.496
7.44579	292.496
7.45118	292.496
7.45547	292.496
7.46253	292.496
7.46832	292.496
7.47253	292.496
7.47879	292.496
7.48315	292.496
7.48723	292.496
7.4911	292.496
7.49574	292.496
7.49988	292.496
7.50429	292.496
7.50817	292.496
7.51235	295.392
7.516	295.392
7.52069	295.392
7.52402	295.392
7.52812	295.392
7.53147	295.392
7.53554	295.392
7.53928	292.496
7.54425	292.496
7.54779	292.496
7.55252	292.496
7.55581	292.496
7.55968	292.496
7.56373	292.496
7.56752	292.496
7.57062	292.496
7.57647	292.496
7.58354	292.496
7.58812	292.496
7.59325	298.288
7.59656	298.288
7.60259	298.288
7.60585	298.288
7.60927	298.288
7.61265	298.288
7.61557	298.288
7.6193	298.288
7.62282	292.496
7.62681	292.496
7.6299	292.496
7.63401	292.496
7.63753	292.496
7.64099	292.496
7.64491	298.288
7.6486	301.184
7.65178	301.184
7.65594	301.184
7.65992	301.184
7.66398	301.184
7.66778	301.184
7.67173	301.184
7.67534	301.184
7.67919	301.184
7.68317	301.184
7.68811	301.184
7.69221	301.184
7.69621	301.184
7.6996	295.392
7.70377	295.392
7.70771	295.392
7.71157	295.392
7.71483	295.392
7.71912	295.392
7.72313	295.392
7.7276	295.392
7.7308	295.392
7.73393	295.392
7.73787	295.392
7.74085	295.392
7.74692	295.392
7.74992	295.392
7.75392	295.392
7.75714	295.392
7.76034	295.392
7.7641	286.704
7.7706	289.6
7.77469	289.6
7.7796	289.6
7.78347	289.6
7.78706	289.6
7.79203	289.6
7.79623	295.392
7.80072	295.392
7.80401	295.392
7.80798	295.392
7.81654	295.392
7.82087	295.392
7.82643	295.392
7.83105	295.392
7.83466	295.392
7.83796	295.392
7.84159	295.392
7.84553	295.392
7.85149	295.392
7.85688	295.392
7.86127	292.496
7.86483	292.496
7.86791	292.496
7.87268	292.496
7.8768	292.496
7.88301	292.496
7.88917	295.392
7.89628	295.392
7.9001	295.392
7.90498	298.288
7.90839	298.288
7.91229	298.288
7.9155	298.288
7.91892	298.288
7.92243	298.288
7.92539	298.288
7.929	298.288
7.93211	298.288
7.93534	298.288
7.93895	298.288
7.94273	298.288
7.94761	298.288
7.95337	298.288
7.95775	298.288
7.96074	298.288
7.9642	298.288
7.9675	298.288
7.97072	298.288
7.97389	298.288
7.97708	298.288
7.98037	298.288
7.98384	298.288
7.98709	298.288
7.99138	298.288
7.99499	298.288
7.99856	292.496
8.00254	292.496
8.00658	292.496
8.01106	292.496
8.01509	292.496
8.01934	292.496
8.02327	292.496
8.02757	292.496
8.03122	292.496
8.03562	292.496
8.039	292.496
8.04341	292.496
8.04703	292.496
8.05095	292.496
8.05565	292.496
8.05983	292.496
8.06288	292.496
8.06608	292.496
8.07003	292.496
8.07509	295.392
8.07831	295.392
8.0814	295.392
8.0853	295.392
8.08969	295.392
8.09404	295.392
8.09926	295.392
8.10271	295.392
8.10707	295.392
8.11048	295.392
8.11565	295.392
8.12082	295.392
8.12481	295.392
8.12792	295.392
8.13185	295.392
8.13599	295.392
8.14033	295.392
8.1444	295.392
8.14856	295.392
8.15205	295.392
8.15588	295.392
8.16002	295.392
8.16385	295.392
8.16809	295.392
8.17265	295.392
8.17607	295.392
8.18086	295.392
8.18502	289.6
8.18952	295.392
8.19292	295.392
8.19593	295.392
8.19939	295.392
8.20399	295.392
8.20833	295.392
8.21295	295.392
8.21697	295.392
8.22036	295.392
8.22389	295.392
8.2278	295.392
8.23216	295.392
8.2362	295.392
8.23971	295.392
8.24351	295.392
8.24945	295.392
8.25725	315.664
8.26112	315.664
8.2652	315.664
8.27	315.664
8.27446	315.664
8.27784	315.664
8.28237	315.664
8.2859	315.664
8.29044	315.664
8.29352	315.664
8.29784	315.664
8.30157	315.664
8.30552	312.768
8.30841	312.768
8.31218	312.768
8.31587	312.768
8.32001	312.768
8.32346	315.664
8.3275	315.664
8.33189	315.664
8.33599	315.664
8.34006	315.664
8.34399	315.664
8.34724	292.496
8.35114	292.496
8.35544	292.496
8.36033	292.496
8.3637	295.392
8.36757	295.392
8.37088	295.392
8.37504	295.392
8.37867	295.392
8.38334	295.392
8.38711	295.392
8.39109	295.392
8.3953	295.392
8.39985	295.392
8.40326	295.392
8.40862	295.392
8.41409	298.288
8.41798	298.288
8.42108	298.288
8.42439	298.288
8.4279	298.288
8.43475	298.288
8.4389	298.288
8.44251	298.288
8.44692	298.288
8.45328	298.288
8.45868	295.392
8.46218	295.392
8.46596	295.392
8.4702	295.392
8.47328	295.392
8.47658	295.392
8.48259	295.392
8.48743	295.392
8.4905	295.392
8.49364	295.392
8.49709	295.392
8.50027	295.392
8.5045	295.392
8.50765	295.392
8.51197	295.392
8.51549	295.392
8.51924	295.392
8.52263	295.392
8.52781	295.392
8.53224	292.496
8.53593	292.496
8.5393	292.496
8.54368	292.496
8.54736	292.496
8.55366	292.496
8.56177	292.496
8.56751	295.392
8.57142	295.392
8.57577	295.392
8.5801	295.392
8.58651	295.392
8.59271	295.392
8.59768	295.392
8.60215	295.392
8.60705	295.392
8.61051	295.392
8.61393	295.392
8.61795	301.184
8.6214	306.976
8.62464	306.976
8.62802	306.976
8.63188	306.976
8.63523	306.976
8.63904	306.976
8.64243	306.976
8.6456	306.976
8.64966	306.976
8.65256	306.976
8.65632	306.976
8.6597	306.976
8.66364	306.976
8.6669	306.976
8.67007	306.976
8.67443	304.08
8.67779	304.08
8.68207	304.08
8.68589	304.08
8.69013	304.08
8.69388	304.08
8.69833	304.08
8.70507	304.08
8.71226	304.08
8.72223	304.08
8.72771	312.768
8.73445	312.768
8.73998	301.184
8.74468	301.184
8.74865	301.184
8.75381	301.184
8.75933	301.184
8.76706	301.184
8.77217	301.184
8.77672	301.184
8.78065	295.392
8.78451	295.392
8.78818	295.392
8.7916	295.392
8.7954	295.392
8.79941	295.392
8.80303	295.392
8.80673	295.392
8.81034	295.392
8.81484	295.392
8.81918	298.288
8.82313	298.288
8.82706	298.288
8.83016	298.288
8.83418	298.288
8.83913	289.6
8.84425	289.6
8.84832	292.496
8.85228	292.496
8.85635	292.496
8.86103	295.392
8.86461	295.392
8.86831	295.392
8.87344	295.392
8.87985	295.392
8.88431	295.392
8.8887	295.392
8.89245	295.392
8.89748	295.392
8.90309	295.392
8.91016	295.392
8.91566	295.392
8.92038	295.392
8.92417	295.392
8.92814	295.392
8.93205	295.392
8.93628	295.392
8.94068	295.392
8.94484	292.496
8.94911	292.496
8.95252	292.496
8.95633	292.496
8.96273	292.496
8.96669	292.496
8.97132	292.496
8.97466	292.496
8.97792	292.496
8.98147	292.496
8.98571	292.496
8.98894	292.496
8.99502	292.496
8.99828	292.496
9.00261	292.496
9.00821	292.496
9.01375	292.496
9.01685	292.496
9.02077	292.496
9.02476	292.496
9.02786	292.496
9.03208	292.496
9.03535	292.496
9.03916	292.496
9.04253	292.496
9.04666	292.496
9.05107	292.496
9.05517	292.496
9.05836	292.496
9.06216	292.496
9.06711	292.496
9.07145	292.496
9.07479	292.496
9.07772	292.496
9.08113	292.496
9.08427	292.496
9.08868	292.496
9.09251	292.496
9.09748	292.496
9.10173	292.496
9.10483	292.496
9.10882	292.496
9.11269	292.496
9.11614	295.392
9.12028	295.392
9.12449	292.496
9.12826	292.496
9.13757	292.496
9.14077	292.496
9.14382	292.496
9.14703	292.496
9.15002	292.496
9.1539	292.496
9.15689	292.496
9.16337	292.496
9.16684	292.496
9.17068	292.496
9.1741	292.496
9.17815	292.496
9.18113	292.496
9.18449	292.496
9.19082	292.496
9.19568	292.496
9.19917	292.496
9.20279	292.496
9.20917	292.496
9.21245	292.496
9.21605	292.496
9.22022	292.496
9.22377	292.496
9.22769	292.496
9.23101	292.496
9.23403	292.496
9.23824	292.496
9.24234	292.496
9.24697	292.496
9.25099	292.496
9.25437	295.392
9.25729	295.392
9.26062	292.496
9.26422	292.496
9.26831	292.496
9.27158	292.496
9.27546	292.496
9.28015	292.496
9.28474	292.496
9.28795	292.496
9.2922	295.392
9.29733	295.392
9.30425	295.392
9.30903	295.392
9.31407	295.392
9.31803	295.392
9.32175	295.392
9.32562	295.392
9.33058	295.392
9.3355	295.392
9.33957	295.392
9.34275	295.392
9.34573	295.392
9.3508	295.392
9.35542	295.392
9.35897	295.392
9.36392	295.392
9.36748	295.392
9.37219	295.392
9.3761	295.392
9.38022	295.392
9.38444	295.392
9.38816	295.392
9.39183	295.392
9.39569	295.392
9.39974	295.392
9.40378	295.392
9.4082	295.392
9.41235	295.392
9.41623	295.392
9.42077	295.392
9.42471	295.392
9.42874	295.392
9.43272	295.392
9.4356	295.392
9.43992	295.392
9.4433	295.392
9.44689	295.392
9.44998	295.392
9.45378	295.392
9.4574	295.392
9.46101	295.392
9.46522	295.392
9.46864	295.392
9.47348	295.392
9.47759	295.392
9.48213	295.392
9.48747	295.392
9.49139	295.392
9.49539	295.392
9.49873	295.392
9.50222	295.392
9.50584	298.288
9.50888	298.288
9.51176	298.288
9.51535	298.288
9.52029	298.288
9.52448	298.288
9.52863	298.288
9.53204	298.288
9.53596	298.288
9.5392	298.288
9.5424	298.288
9.54622	298.288
9.55226	298.288
9.55717	298.288
9.56077	298.288
9.56475	298.288
9.57086	298.288
9.57512	298.288
9.57912	298.288
9.58243	298.288
9.58862	295.392
9.59414	295.392
9.59885	295.392
9.60422	298.288
9.60783	298.288
9.61167	298.288
9.61549	298.288
9.6197	295.392
9.62348	295.392
9.62774	295.392
9.63106	295.392
9.63573	295.392
9.63931	295.392
9.64366	295.392
9.64708	295.392
9.65106	295.392
9.65422	295.392
9.65746	295.392
9.66165	295.392
9.66468	295.392
9.66847	295.392
9.67218	295.392
9.67534	295.392
9.67927	295.392
9.68329	289.6
9.68707	289.6
9.69163	289.6
9.69593	286.704
9.70057	295.392
9.70438	295.392
9.70819	295.392
9.71231	295.392
9.71597	295.392
9.71902	295.392
9.72328	295.392
9.7269	295.392
9.7301	295.392
9.7338	295.392
9.73749	295.392
9.74176	295.392
9.74727	295.392
9.75534	295.392
9.76151	295.392
9.76958	295.392
9.77423	295.392
9.77975	295.392
9.78304	295.392
9.78718	295.392
9.79057	295.392
9.79343	295.392
9.79753	295.392
9.80203	295.392
9.80548	295.392
9.80977	295.392
9.81375	283.808
9.81778	283.808
9.82176	283.808
9.82733	283.808
9.83088	283.808
9.83481	283.808
9.83946	283.808
9.84337	283.808
9.84743	280.912
9.8518	280.912
9.85524	280.912
9.85903	280.912
9.86359	280.912
9.86801	280.912
9.87177	280.912
9.87545	280.912
9.87925	280.912
9.88331	280.912
9.88659	280.912
9.88958	280.912
9.89355	289.6
9.89694	289.6
9.90071	289.6
9.90484	289.6
9.90873	289.6
9.91267	289.6
9.91636	289.6
9.91967	289.6
9.92484	292.496
9.92848	295.392
9.93445	295.392
9.93988	295.392
9.94752	295.392
9.95316	295.392
9.95769	295.392
9.96126	295.392
9.96495	295.392
9.96909	295.392
9.97491	295.392
9.98	295.392
9.98329	295.392
9.98792	295.392
9.99135	295.392
9.99584	295.392
10.00034	295.392