0	321.456
0.00392	321.456
0.00793	301.184
0.01178	301.184
0.01588	301.184
0.01963	309.872
0.02268	309.872
0.02609	309.872
0.02997	309.872
0.03362	309.872
0.03746	309.872
0.04057	309.872
0.04369	309.872
0.0476	309.872
0.05137	309.872
0.0547	309.872
0.0582	309.872
0.06129	309.872
0.06602	309.872
0.06904	309.872
0.07209	309.872
0.07611	309.872
0.0797	321.456
0.08385	321.456
0.08684	301.184
0.09055	301.184
0.094	301.184
0.09788	309.872
0.10118	306.976
0.10539	306.976
0.10896	306.976
0.11322	306.976
0.11651	306.976
0.11947	306.976
0.12281	306.976
0.12617	275.12
0.12925	275.12
0.13322	275.12
0.13705	275.12
0.14046	275.12
0.14353	275.12
0.14723	275.12
0.15096	275.12
0.15682	275.12
0.16147	286.704
0.16487	286.704
0.16953	266.432
0.17257	266.432
0.17556	266.432
0.17881	275.12
0.18194	275.12
0.18576	275.12
0.18886	275.12
0.1919	275.12
0.19589	275.12
0.19898	275.12
0.2025	275.12
0.20639	275.12
0.20982	275.12
0.2137	275.12
0.21793	275.12
0.22178	275.12
0.2248	275.12
0.2285	275.12
0.23294	275.12
0.23596	275.12
0.23923	286.704
0.24243	286.704
0.24608	286.704
0.24954	266.432
0.25345	266.432
0.25679	275.12
0.26012	275.12
0.2641	275.12
0.26767	275.12
0.27174	278.016
0.2748	278.016
0.27853	278.016
0.28171	278.016
0.28551	278.016
0.28869	278.016
0.29172	278.016
0.2956	278.016
0.29914	278.016
0.30305	278.016
0.30667	278.016
0.3105	278.016
0.31379	278.016
0.31767	289.6
0.32085	289.6
0.3259	289.6
0.32969	269.328
0.33353	269.328
0.33665	278.016
0.33959	278.016
0.34265	278.016
0.34659	278.016
0.35041	278.016
0.35402	278.016
0.3594	278.016
0.36305	278.016
0.36677	278.016
0.37012	278.016
0.37497	278.016
0.37809	278.016
0.38207	278.016
0.3852	278.016
0.3882	278.016
0.39216	278.016
0.39507	278.016
0.4008	289.6
0.40384	289.6
0.40791	269.328
0.41094	269.328
0.4141	269.328
0.41787	278.016
0.42218	278.016
0.42542	278.016
0.42937	278.016
0.43263	278.016
0.43558	278.016
0.44015	278.016
0.44355	278.016
0.44757	278.016
0.45071	278.016
0.45418	278.016
0.45814	278.016
0.46231	278.016
0.46691	278.016
0.47015	278.016
0.47383	278.016
0.47712	289.6
0.48163	289.6
0.48479	289.6
0.48776	269.328
0.49181	269.328
0.49481	269.328
0.49789	278.016
0.50204	278.016
0.50591	278.016
0.50927	278.016
0.51249	278.016
0.51803	278.016
0.52153	278.016
0.5252	278.016
0.53008	278.016
0.5339	278.016
0.53793	278.016
0.54204	278.016
0.54561	278.016
0.54935	278.016
0.55481	278.016
0.55788	289.6
0.56142	289.6
0.56541	289.6
0.5706	269.328
0.5742	269.328
0.57878	278.016
0.58195	278.016
0.58594	278.016
0.58913	278.016
0.59423	278.016
0.59777	278.016
0.60223	278.016
0.60577	278.016
0.60998	278.016
0.61363	278.016
0.61743	278.016
0.62123	278.016
0.62555	278.016
0.62977	278.016
0.63492	278.016
0.6417	289.6
0.64656	289.6
0.64983	269.328
0.65607	269.328
0.66071	278.016
0.66407	278.016
0.66975	278.016
0.67508	278.016
0.68009	278.016
0.68571	278.016
0.68898	278.016
0.69326	278.016
0.697	278.016
0.70166	278.016
0.70541	278.016
0.70909	278.016
0.71238	278.016
0.71567	278.016
0.72168	289.6
0.72703	289.6
0.73124	269.328
0.73482	269.328
0.74045	278.016
0.74354	278.016
0.74709	278.016
0.75037	278.016
0.75417	278.016
0.75809	278.016
0.76196	278.016
0.76525	278.016
0.77102	278.016
0.77475	278.016
0.7781	278.016
0.78219	278.016
0.78639	278.016
0.79341	278.016
0.7974	289.6
0.80126	289.6
0.80506	289.6
0.80828	269.328
0.81376	269.328
0.81823	278.016
0.82291	278.016
0.82917	278.016
0.83239	278.016
0.83589	278.016
0.83962	278.016
0.84268	278.016
0.84573	278.016
0.84936	278.016
0.85347	278.016
0.85753	278.016
0.86084	278.016
0.86374	278.016
0.86719	278.016
0.87058	278.016
0.87452	278.016
0.87833	289.6
0.88255	289.6
0.8859	289.6
0.89017	269.328
0.89381	269.328
0.89716	278.016
0.90151	278.016
0.9049	278.016
0.9092	278.016
0.91253	278.016
0.91552	278.016
0.91914	278.016
0.92255	283.808
0.92977	283.808
0.93524	344.624
0.93946	344.624
0.94379	344.624
0.94824	344.624
0.95223	344.624
0.95643	344.624
0.95991	344.624
0.96433	356.208
0.96751	356.208
0.9711	335.936
0.97943	335.936
0.98546	344.624
0.99052	344.624
0.99482	344.624
0.99869	344.624
1.00366	344.624
1.00766	344.624
1.01099	344.624
1.01476	344.624
1.01856	344.624
1.02251	344.624
1.02595	344.624
1.02999	344.624
1.03452	344.624
1.03866	344.624
1.04233	356.208
1.04613	356.208
1.04951	356.208
1.05323	335.936
1.05661	335.936
1.05976	335.936
1.06378	344.624
1.06795	347.52
1.07206	347.52
1.07511	347.52
1.07848	347.52
1.0828	347.52
1.08753	347.52
1.09213	347.52
1.09537	347.52
1.09884	312.768
1.10242	312.768
1.10556	312.768
1.10958	312.768
1.11372	312.768
1.11686	312.768
1.12106	324.352
1.12497	324.352
1.12899	324.352
1.13296	304.08
1.13645	304.08
1.14142	312.768
1.14521	312.768
1.14837	312.768
1.15207	312.768
1.15682	312.768
1.16027	312.768
1.1648	312.768
1.16908	312.768
1.17226	312.768
1.1764	312.768
1.17978	312.768
1.18398	312.768
1.18719	312.768
1.1908	312.768
1.19503	312.768
1.19838	312.768
1.20175	324.352
1.20503	324.352
1.20918	324.352
1.2126	304.08
1.21754	269.328
1.22095	278.016
1.22407	278.016
1.22817	278.016
1.23202	278.016
1.23548	278.016
1.23979	278.016
1.24303	278.016
1.24683	278.016
1.25103	278.016
1.2543	278.016
1.25845	278.016
1.26158	278.016
1.26565	278.016
1.26992	278.016
1.27412	278.016
1.27924	278.016
1.28284	289.6
1.28593	289.6
1.28957	269.328
1.29433	269.328
1.29773	269.328
1.30285	278.016
1.30613	278.016
1.31083	278.016
1.31436	278.016
1.31842	278.016
1.32221	278.016
1.32666	278.016
1.3308	278.016
1.33459	278.016
1.3378	278.016
1.34192	278.016
1.34713	278.016
1.35069	278.016
1.35547	278.016
1.35882	289.6
1.36199	289.6
1.36584	289.6
1.36975	269.328
1.37423	269.328
1.37887	278.016
1.38279	278.016
1.38679	278.016
1.39007	278.016
1.39397	278.016
1.39738	278.016
1.4014	278.016
1.40476	278.016
1.41025	278.016
1.41373	278.016
1.41782	278.016
1.4219	278.016
1.42536	278.016
1.43031	278.016
1.43483	278.016
1.43873	289.6
1.44261	289.6
1.44592	289.6
1.44931	269.328
1.45325	269.328
1.4576	278.016
1.46277	278.016
1.4686	278.016
1.47432	278.016
1.47779	278.016
1.48164	278.016
1.48514	278.016
1.48942	278.016
1.49263	278.016
1.49678	278.016
1.50153	278.016
1.50499	278.016
1.50858	278.016
1.51278	278.016
1.516	278.016
1.52009	289.6
1.52383	289.6
1.5279	269.328
1.53107	269.328
1.53452	269.328
1.53857	278.016
1.54244	278.016
1.54678	278.016
1.55071	278.016
1.55481	280.912
1.55815	280.912
1.56196	280.912
1.56587	280.912
1.56923	280.912
1.57237	280.912
1.57653	280.912
1.57987	280.912
1.58392	280.912
1.58707	280.912
1.59052	280.912
1.5946	280.912
1.59808	292.496
1.60196	292.496
1.60617	292.496
1.61002	272.224
1.61524	272.224
1.61917	280.912
1.62356	280.912
1.62776	280.912
1.63087	280.912
1.63428	280.912
1.63752	280.912
1.64145	280.912
1.64557	280.912
1.64908	280.912
1.65311	280.912
1.65769	280.912
1.66135	280.912
1.6648	280.912
1.66903	280.912
1.67217	280.912
1.67554	280.912
1.67975	292.496
1.68387	292.496
1.68786	272.224
1.69113	272.224
1.69441	272.224
1.69807	280.912
1.702	280.912
1.70594	280.912
1.70951	280.912
1.71301	278.016
1.71722	278.016
1.7213	278.016
1.72465	278.016
1.72797	278.016
1.73214	278.016
1.73607	278.016
1.74017	278.016
1.74321	278.016
1.74649	278.016
1.75036	278.016
1.75453	278.016
1.75849	289.6
1.76264	289.6
1.76683	269.328
1.77034	269.328
1.77446	269.328
1.77758	278.016
1.78154	278.016
1.78462	278.016
1.78871	280.912
1.79203	280.912
1.79538	280.912
1.79942	280.912
1.8033	280.912
1.80699	280.912
1.81304	280.912
1.8175	280.912
1.82082	280.912
1.82471	280.912
1.82861	280.912
1.83362	280.912
1.83716	292.496
1.84038	292.496
1.8436	292.496
1.84794	272.224
1.85161	272.224
1.85776	280.912
1.86141	280.912
1.86564	280.912
1.86969	280.912
1.87343	280.912
1.87819	280.912
1.88142	280.912
1.88598	280.912
1.88944	280.912
1.89385	278.016
1.897	278.016
1.90233	278.016
1.90635	278.016
1.91022	278.016
1.91372	278.016
1.91692	289.6
1.92069	289.6
1.92522	289.6
1.92916	269.328
1.93478	269.328
1.93959	278.016
1.94318	278.016
1.94744	283.808
1.95437	301.184
1.96094	301.184
1.96776	301.184
1.97292	301.184
1.97818	301.184
1.98255	301.184
1.98719	301.184
1.99328	301.184
1.99728	312.768
2.00135	312.768
2.00596	292.496
2.00983	292.496
2.01452	301.184
2.01885	301.184
2.02318	301.184
2.02683	301.184
2.03181	301.184
2.03537	301.184
2.04164	301.184
2.04734	301.184
2.05083	301.184
2.05665	301.184
2.06073	301.184
2.06496	301.184
2.0698	301.184
2.07473	312.768
2.07809	312.768
2.08188	292.496
2.08753	292.496
2.09196	301.184
2.09607	301.184
2.10129	301.184
2.10614	301.184
2.11001	301.184
2.11419	301.184
2.118	301.184
2.12272	301.184
2.12705	280.912
2.13049	280.912
2.13497	280.912
2.13836	280.912
2.14235	280.912
2.14562	280.912
2.15035	280.912
2.15463	292.496
2.15864	292.496
2.16197	272.224
2.16681	272.224
2.17096	280.912
2.17704	280.912
2.18292	280.912
2.18797	280.912
2.19242	280.912
2.19769	280.912
2.2025	280.912
2.20797	280.912
2.21192	280.912
2.2167	280.912
2.22018	280.912
2.22575	280.912
2.23033	280.912
2.23798	292.496
2.24265	272.224
2.24833	272.224
2.25584	280.912
2.26193	280.912
2.26654	280.912
2.27214	280.912
2.2771	280.912
2.28091	280.912
2.28516	280.912
2.2902	280.912
2.29524	280.912
2.29878	280.912
2.30534	280.912
2.30982	280.912
2.31388	292.496
2.31771	292.496
2.32188	272.224
2.32535	272.224
2.33013	269.328
2.33425	278.016
2.3386	278.016
2.3431	278.016
2.3468	278.016
2.35329	275.12
2.3583	275.12
2.36264	275.12
2.36643	275.12
2.37137	275.12
2.37683	275.12
2.38045	275.12
2.38571	275.12
2.38972	275.12
2.39327	286.704
2.39724	286.704
2.40071	266.432
2.40387	266.432
2.40793	266.432
2.41103	275.12
2.41448	275.12
2.41783	275.12
2.42186	275.12
2.42525	275.12
2.43001	275.12
2.43349	275.12
2.43692	275.12
2.44105	275.12
2.44432	275.12
2.44844	275.12
2.45467	275.12
2.45969	275.12
2.46339	275.12
2.46684	275.12
2.471	286.704
2.47517	286.704
2.47892	286.704
2.48192	266.432
2.48594	266.432
2.48987	266.432
2.49332	275.12
2.49794	275.12
2.50226	275.12
2.50664	278.016
2.51016	278.016
2.51425	278.016
2.5182	278.016
2.52151	278.016
2.52541	278.016
2.52867	278.016
2.53178	278.016
2.53582	278.016
2.53921	278.016
2.54331	278.016
2.54718	278.016
2.55122	289.6
2.55455	289.6
2.55891	289.6
2.56295	269.328
2.56637	269.328
2.57078	269.328
2.57414	278.016
2.57814	278.016
2.58173	278.016
2.58569	278.016
2.58908	278.016
2.59238	278.016
2.59643	278.016
2.59968	278.016
2.60309	278.016
2.6064	278.016
2.61042	278.016
2.61382	278.016
2.61777	278.016
2.6219	278.016
2.62594	278.016
2.62925	289.6
2.63333	289.6
2.63683	289.6
2.63998	269.328
2.64412	269.328
2.64796	269.328
2.65339	278.016
2.65722	278.016
2.66047	278.016
2.66551	278.016
2.66924	278.016
2.67409	278.016
2.67748	278.016
2.68222	278.016
2.68591	278.016
2.69029	278.016
2.69439	280.912
2.69781	280.912
2.70235	280.912
2.7058	280.912
2.71041	292.496
2.71382	292.496
2.7175	292.496
2.72136	272.224
2.72554	269.328
2.729	269.328
2.73314	278.016
2.73772	278.016
2.74174	278.016
2.74558	278.016
2.74928	278.016
2.75365	278.016
2.75708	278.016
2.76054	278.016
2.76433	278.016
2.7695	278.016
2.77359	278.016
2.77709	278.016
2.78165	278.016
2.78508	278.016
2.78924	289.6
2.79345	289.6
2.79735	289.6
2.80184	269.328
2.80652	269.328
2.81084	278.016
2.8141	278.016
2.81785	280.912
2.82183	280.912
2.8257	280.912
2.83056	280.912
2.83426	280.912
2.83894	280.912
2.84235	280.912
2.84777	280.912
2.85237	280.912
2.85848	280.912
2.8627	280.912
2.86616	280.912
2.8699	292.496
2.87449	292.496
2.87839	272.224
2.88207	272.224
2.88625	272.224
2.89033	280.912
2.89422	280.912
2.89959	280.912
2.90522	280.912
2.90936	280.912
2.91268	280.912
2.91916	280.912
2.9246	280.912
2.92921	280.912
2.9333	280.912
2.93815	280.912
2.9424	280.912
2.94779	289.6
2.95383	292.496
2.95781	272.224
2.96233	272.224
2.9664	272.224
2.9703	280.912
2.97442	280.912
2.9786	280.912
2.98483	280.912
2.98937	280.912
2.99396	280.912
2.99887	280.912
3.00359	280.912
3.0071	280.912
3.01075	280.912
3.01426	280.912
3.01813	280.912
3.02222	280.912
3.02691	289.6
3.03261	292.496
3.03751	272.224
3.0412	272.224
3.04602	272.224
3.05035	280.912
3.05433	280.912
3.05832	280.912
3.06255	278.016
3.06637	278.016
3.07035	278.016
3.07427	278.016
3.07906	278.016
3.08258	278.016
3.08613	278.016
3.09027	278.016
3.09477	278.016
3.09864	278.016
3.10202	278.016
3.10532	280.912
3.1101	289.6
3.11357	289.6
3.117	269.328
3.12111	269.328
3.12485	269.328
3.12982	275.12
3.13527	275.12
3.14028	275.12
3.14405	275.12
3.14765	275.12
3.15115	275.12
3.15464	275.12
3.15904	275.12
3.16268	275.12
3.16613	275.12
3.17014	275.12
3.17366	275.12
3.17849	275.12
3.18196	275.12
3.18653	286.704
3.19056	286.704
3.19457	286.704
3.19881	266.432
3.2023	266.432
3.20685	275.12
3.21031	275.12
3.21531	275.12
3.21881	278.016
3.22211	278.016
3.22535	278.016
3.22887	278.016
3.23348	278.016
3.23685	278.016
3.2418	278.016
3.24534	278.016
3.24947	278.016
3.25476	278.016
3.25807	278.016
3.26198	278.016
3.26521	278.016
3.26923	289.6
3.27351	289.6
3.27766	269.328
3.28137	269.328
3.28503	269.328
3.28924	278.016
3.29247	278.016
3.29744	278.016
3.30076	278.016
3.30483	278.016
3.30943	278.016
3.31386	278.016
3.31833	278.016
3.32206	278.016
3.32544	278.016
3.33018	278.016
3.33364	278.016
3.33763	278.016
3.34092	278.016
3.34522	278.016
3.34867	286.704
3.35208	286.704
3.35606	266.432
3.35934	266.432
3.36312	266.432
3.36647	275.12
3.3703	275.12
3.37417	275.12
3.37802	278.016
3.3828	278.016
3.38628	278.016
3.3898	278.016
3.39468	278.016
3.39901	278.016
3.40308	278.016
3.40647	278.016
3.41221	278.016
3.41575	278.016
3.41992	278.016
3.42426	278.016
3.42938	289.6
3.43327	289.6
3.43707	269.328
3.44052	269.328
3.44513	280.912
3.44903	280.912
3.45317	280.912
3.45694	280.912
3.46096	280.912
3.46552	280.912
3.46894	280.912
3.47234	280.912
3.47634	280.912
3.48001	280.912
3.48411	280.912
3.48762	280.912
3.49174	280.912
3.49536	280.912
3.4988	280.912
3.50198	289.6
3.50641	292.496
3.51074	292.496
3.51458	272.224
3.51856	272.224
3.52225	280.912
3.52623	280.912
3.53038	280.912
3.53447	280.912
3.53891	280.912
3.54324	280.912
3.54707	280.912
3.55031	280.912
3.55419	280.912
3.55797	280.912
3.56234	280.912
3.56642	280.912
3.56979	278.016
3.57388	278.016
3.57717	278.016
3.58152	278.016
3.58497	289.6
3.58901	289.6
3.59224	269.328
3.59651	269.328
3.59975	269.328
3.60386	278.016
3.60768	278.016
3.61226	280.912
3.61623	278.016
3.62056	278.016
3.62575	278.016
3.62956	278.016
3.63333	278.016
3.63657	278.016
3.63979	278.016
3.64384	278.016
3.64776	278.016
3.65142	278.016
3.65471	278.016
3.65821	278.016
3.6625	278.016
3.66596	289.6
3.67006	289.6
3.67397	269.328
3.67833	269.328
3.68298	278.016
3.68636	278.016
3.68962	278.016
3.69311	278.016
3.69735	278.016
3.70158	278.016
3.70593	278.016
3.70974	280.912
3.71368	280.912
3.7179	280.912
3.72149	280.912
3.72582	280.912
3.73061	280.912
3.7348	280.912
3.73866	280.912
3.74195	292.496
3.74708	292.496
3.75297	292.496
3.75755	272.224
3.76244	280.912
3.76641	280.912
3.7718	280.912
3.77638	280.912
3.78165	280.912
3.78696	280.912
3.79458	309.872
3.79787	309.872
3.80287	309.872
3.80735	309.872
3.81274	309.872
3.81795	309.872
3.82199	309.872
3.82578	321.456
3.8299	321.456
3.83411	301.184
3.83814	301.184
3.84186	301.184
3.84612	309.872
3.85048	309.872
3.85444	309.872
3.85806	309.872
3.86217	309.872
3.86659	309.872
3.87106	309.872
3.87564	309.872
3.87989	309.872
3.88518	309.872
3.88987	309.872
3.89444	309.872
3.90241	309.872
3.90635	321.456
3.91077	321.456
3.9145	301.184
3.91808	301.184
3.92216	298.288
3.92651	306.976
3.93184	306.976
3.93558	306.976
3.9403	306.976
3.94528	306.976
3.94946	306.976
3.9545	306.976
3.95764	306.976
3.96281	306.976
3.96719	306.976
3.97295	306.976
3.9772	306.976
3.98185	309.872
3.98563	321.456
3.9904	321.456
3.99809	301.184
4.0036	309.872
4.00927	309.872
4.01439	309.872
4.01899	278.016
4.02511	278.016
4.03027	278.016
4.03479	278.016
4.0399	278.016
4.04525	278.016
4.05051	278.016
4.05501	278.016
4.05889	278.016
4.06219	289.6
4.06613	289.6
4.06976	269.328
4.07363	269.328
4.07737	269.328
4.08122	278.016
4.08442	278.016
4.0874	278.016
4.09163	278.016
4.09568	278.016
4.09982	278.016
4.10343	278.016
4.10717	278.016
4.11081	278.016
4.11696	278.016
4.11997	278.016
4.12409	278.016
4.12783	278.016
4.13078	278.016
4.13701	278.016
4.1401	289.6
4.1442	289.6
4.14713	289.6
4.15054	269.328
4.15447	269.328
4.15834	269.328
4.1623	278.016
4.1702	278.016
4.17482	278.016
4.18012	278.016
4.18423	278.016
4.1872	278.016
4.19069	278.016
4.19406	278.016
4.19747	278.016
4.20145	278.016
4.20676	278.016
4.21372	278.016
4.21844	278.016
4.22208	289.6
4.22594	289.6
4.22955	269.328
4.23348	269.328
4.23755	269.328
4.24078	278.016
4.24378	278.016
4.24812	278.016
4.25283	278.016
4.25589	278.016
4.25992	278.016
4.26364	278.016
4.26807	278.016
4.27114	278.016
4.27485	278.016
4.27797	278.016
4.28211	278.016
4.2856	278.016
4.28956	278.016
4.29304	278.016
4.2986	289.6
4.30256	289.6
4.30645	269.328
4.3106	269.328
4.31502	269.328
4.32117	278.016
4.32487	278.016
4.32881	278.016
4.3319	278.016
4.33793	278.016
4.34361	278.016
4.34782	278.016
4.35238	278.016
4.35862	278.016
4.36563	278.016
4.37021	278.016
4.37414	278.016
4.37979	289.6
4.38578	289.6
4.39022	269.328
4.394	266.432
4.39827	275.12
4.40172	275.12
4.40565	275.12
4.40932	275.12
4.41414	275.12
4.4172	275.12
4.42096	275.12
4.42399	275.12
4.42941	275.12
4.43291	275.12
4.43614	275.12
4.44044	275.12
4.44373	275.12
4.44786	275.12
4.45248	275.12
4.45576	286.704
4.46059	286.704
4.4637	286.704
4.46767	266.432
4.47182	266.432
4.47594	275.12
4.47984	275.12
4.4836	275.12
4.48761	278.016
4.49344	278.016
4.49693	278.016
4.50087	278.016
4.50475	278.016
4.50907	278.016
4.51242	278.016
4.5162	278.016
4.51978	278.016
4.52386	278.016
4.52706	278.016
4.53083	278.016
4.53459	278.016
4.53907	289.6
4.54399	289.6
4.55008	269.328
4.55712	278.016
4.56176	278.016
4.56519	278.016
4.56915	278.016
4.57249	278.016
4.57568	278.016
4.57977	278.016
4.58321	278.016
4.58698	278.016
4.59073	278.016
4.59456	278.016
4.59831	278.016
4.60226	278.016
4.60579	278.016
4.60986	278.016
4.61376	289.6
4.61907	289.6
4.62214	289.6
4.62605	269.328
4.62949	269.328
4.63389	269.328
4.63694	278.016
4.6399	278.016
4.64423	278.016
4.64723	278.016
4.65071	278.016
4.65375	278.016
4.65761	278.016
4.66104	278.016
4.66396	278.016
4.66813	278.016
4.67129	278.016
4.6753	278.016
4.67871	278.016
4.68229	278.016
4.68627	278.016
4.69245	278.016
4.69759	289.6
4.70168	289.6
4.70594	269.328
4.70982	269.328
4.71321	278.016
4.71723	278.016
4.72056	278.016
4.72375	278.016
4.72789	278.016
4.73212	278.016
4.73709	278.016
4.74028	278.016
4.74451	278.016
4.74748	278.016
4.75128	278.016
4.75419	278.016
4.75815	278.016
4.76227	278.016
4.76619	278.016
4.76941	278.016
4.77364	289.6
4.77717	289.6
4.78147	286.704
4.78505	266.432
4.78828	266.432
4.79242	275.12
4.79549	275.12
4.7993	275.12
4.80264	275.12
4.80974	275.12
4.81644	275.12
4.82217	275.12
4.82655	275.12
4.83292	275.12
4.83715	275.12
4.84355	275.12
4.84905	275.12
4.85325	286.704
4.85739	286.704
4.86156	286.704
4.86513	266.432
4.8682	266.432
4.87266	275.12
4.87579	275.12
4.87986	275.12
4.88278	275.12
4.88726	275.12
4.89035	275.12
4.89425	275.12
4.89803	275.12
4.90182	275.12
4.90523	275.12
4.90918	275.12
4.91308	275.12
4.91613	275.12
4.92075	275.12
4.92562	275.12
4.92964	275.12
4.9342	286.704
4.9386	289.6
4.94236	289.6
4.9457	269.328
4.94953	269.328
4.95343	278.016
4.95737	278.016
4.96343	278.016
4.96943	278.016
4.97481	278.016
4.97872	278.016
4.9826	278.016
4.98596	278.016
4.99007	278.016
4.99441	278.016
4.99846	278.016
5.00534	278.016
5.01127	278.016
5.02225	289.6
5.02815	330.144
5.03195	330.144
5.03489	338.832
5.03818	338.832
5.04137	338.832
5.04511	338.832
5.04882	338.832
5.05196	338.832
5.05612	338.832
5.05909	338.832
5.06257	338.832
5.06563	338.832
5.06966	338.832
5.07317	338.832
5.07791	338.832
5.08128	338.832
5.0853	338.832
5.08883	338.832
5.09192	338.832
5.09597	350.416
5.09895	350.416
5.10509	330.144
5.10944	330.144
5.11282	338.832
5.11589	338.832
5.11952	338.832
5.12262	338.832
5.1266	338.832
5.13001	338.832
5.13391	338.832
5.1372	338.832
5.14141	338.832
5.14512	335.936
5.14813	335.936
5.15238	335.936
5.15552	335.936
5.15945	335.936
5.16278	335.936
5.16743	335.936
5.17052	335.936
5.17444	347.52
5.17787	347.52
5.18204	347.52
5.18578	298.288
5.18974	298.288
5.19405	306.976
5.19804	306.976
5.20143	306.976
5.20529	306.976
5.20903	306.976
5.21195	306.976
5.21623	306.976
5.21942	306.976
5.22292	306.976
5.22582	306.976
5.22977	306.976
5.23409	306.976
5.23944	306.976
5.24383	306.976
5.24705	306.976
5.25094	306.976
5.25769	318.56
5.26161	318.56
5.26501	298.288
5.26794	298.288
5.27224	298.288
5.2754	306.976
5.27868	306.976
5.28318	306.976
5.28831	306.976
5.29394	298.288
5.29861	298.288
5.30273	298.288
5.30607	298.288
5.31004	298.288
5.31337	298.288
5.31724	298.288
5.32126	298.288
5.32522	298.288
5.32928	298.288
5.33317	309.872
5.337	309.872
5.33994	309.872
5.34404	289.6
5.34711	289.6
5.35047	289.6
5.35378	298.288
5.3579	298.288
5.36235	298.288
5.36655	298.288
5.37036	304.08
5.37427	304.08
5.3782	304.08
5.38213	304.08
5.38657	304.08
5.39069	304.08
5.39459	304.08
5.39904	304.08
5.40538	278.016
5.40962	278.016
5.41384	289.6
5.41765	289.6
5.42178	289.6
5.42618	269.328
5.42952	269.328
5.43536	278.016
5.44122	278.016
5.44577	278.016
5.44962	278.016
5.45415	278.016
5.45826	278.016
5.46173	278.016
5.4661	278.016
5.46922	278.016
5.47556	278.016
5.48037	278.016
5.48624	278.016
5.49217	289.6
5.49631	289.6
5.49975	289.6
5.50578	269.328
5.51155	269.328
5.51501	278.016
5.52169	278.016
5.52736	278.016
5.53333	278.016
5.53771	278.016
5.5414	278.016
5.54572	278.016
5.54991	278.016
5.55336	278.016
5.55809	278.016
5.56142	278.016
5.56577	278.016
5.56931	278.016
5.57328	289.6
5.57721	289.6
5.58066	289.6
5.58447	269.328
5.58762	269.328
5.59125	278.016
5.59483	278.016
5.59804	278.016
5.60149	278.016
5.60573	278.016
5.60939	278.016
5.61436	278.016
5.61809	278.016
5.62148	278.016
5.62482	278.016
5.62803	278.016
5.63313	278.016
5.63677	278.016
5.64212	278.016
5.64572	278.016
5.65026	289.6
5.65409	289.6
5.6579	289.6
5.6621	269.328
5.66539	269.328
5.6705	278.016
5.67632	278.016
5.68	278.016
5.68314	278.016
5.68636	278.016
5.6896	278.016
5.69351	278.016
5.69692	278.016
5.70117	278.016
5.70602	278.016
5.71014	278.016
5.71356	278.016
5.7188	278.016
5.72245	278.016
5.72614	278.016
5.7304	289.6
5.73392	289.6
5.73779	289.6
5.74184	269.328
5.74574	269.328
5.75094	278.016
5.75527	278.016
5.7589	278.016
5.76217	278.016
5.76523	275.12
5.76903	275.12
5.77239	275.12
5.77713	275.12
5.78046	275.12
5.78501	275.12
5.78832	275.12
5.79273	275.12
5.79592	275.12
5.79911	275.12
5.80232	275.12
5.80591	275.12
5.81026	286.704
5.81406	286.704
5.81831	266.432
5.82359	266.432
5.82766	275.12
5.83115	275.12
5.83437	275.12
5.83889	275.12
5.84223	275.12
5.84575	275.12
5.85029	275.12
5.85433	275.12
5.85755	275.12
5.86182	275.12
5.86706	275.12
5.87087	275.12
5.87476	275.12
5.87807	275.12
5.88208	275.12
5.88595	275.12
5.88995	286.704
5.89346	286.704
5.89824	266.432
5.90198	266.432
5.90581	266.432
5.90914	275.12
5.91235	275.12
5.91727	275.12
5.92147	275.12
5.92495	275.12
5.93236	275.12
5.9374	275.12
5.94087	275.12
5.94478	275.12
5.94972	275.12
5.95337	275.12
5.95782	275.12
5.9614	275.12
5.9653	275.12
5.96944	286.704
5.97442	286.704
5.97769	266.432
5.9816	266.432
5.98525	275.12
5.98858	275.12
5.992	275.12
5.99548	278.016
5.99963	278.016
6.00311	278.016
6.00634	278.016
6.01121	278.016
6.01481	278.016
6.01806	278.016
6.0247	278.016
6.02834	278.016
6.03248	278.016
6.03569	278.016
6.04	278.016
6.04332	278.016
6.04656	289.6
6.05002	289.6
6.05377	289.6
6.05735	269.328
6.06223	269.328
6.06575	278.016
6.06987	278.016
6.07354	278.016
6.07688	278.016
6.08259	278.016
6.08605	278.016
6.08944	278.016
6.09274	278.016
6.09602	278.016
6.10011	278.016
6.10363	278.016
6.10783	278.016
6.11102	278.016
6.1147	278.016
6.1182	278.016
6.12231	278.016
6.12571	289.6
6.12976	289.6
6.13363	269.328
6.13686	269.328
6.14103	269.328
6.14526	278.016
6.1497	278.016
6.1531	278.016
6.15734	278.016
6.16078	278.016
6.1645	278.016
6.16827	278.016
6.17288	278.016
6.1767	278.016
6.18075	278.016
6.18422	278.016
6.18769	278.016
6.19278	278.016
6.19645	278.016
6.2006	278.016
6.20479	289.6
6.20801	289.6
6.21153	289.6
6.21495	269.328
6.21847	269.328
6.22232	278.016
6.22633	278.016
6.23029	278.016
6.23382	278.016
6.23786	278.016
6.24278	278.016
6.24684	278.016
6.25047	278.016
6.25424	278.016
6.25793	278.016
6.26205	278.016
6.26574	278.016
6.27065	278.016
6.27504	278.016
6.27918	278.016
6.28246	289.6
6.28593	289.6
6.28999	289.6
6.29411	269.328
6.29841	269.328
6.30186	278.016
6.30652	278.016
6.31061	278.016
6.31638	278.016
6.31947	278.016
6.32273	278.016
6.32614	278.016
6.3301	278.016
6.33392	278.016
6.33803	278.016
6.34201	278.016
6.34536	278.016
6.35032	278.016
6.3539	278.016
6.35804	278.016
6.36172	289.6
6.36577	289.6
6.36945	289.6
6.37447	269.328
6.3778	266.432
6.38247	275.12
6.38611	275.12
6.39003	275.12
6.39804	275.12
6.40182	275.12
6.40537	275.12
6.40943	275.12
6.41287	275.12
6.41751	275.12
6.42188	275.12
6.42592	275.12
6.43233	275.12
6.43673	275.12
6.44081	286.704
6.44636	286.704
6.45078	266.432
6.45626	266.432
6.46102	275.12
6.46603	275.12
6.47027	275.12
6.47467	275.12
6.47811	275.12
6.48339	275.12
6.48717	275.12
6.49022	278.016
6.49546	278.016
6.49892	278.016
6.50189	278.016
6.50662	278.016
6.50999	278.016
6.51436	278.016
6.51842	278.016
6.52282	289.6
6.52697	289.6
6.53084	269.328
6.53447	269.328
6.53857	269.328
6.54377	278.016
6.54956	278.016
6.55472	278.016
6.55914	278.016
6.56507	278.016
6.56855	278.016
6.57293	278.016
6.57733	278.016
6.58169	278.016
6.5869	278.016
6.5916	278.016
6.5947	278.016
6.59873	278.016
6.60266	289.6
6.60706	289.6
6.61113	269.328
6.6143	269.328
6.61791	269.328
6.62498	278.016
6.63101	278.016
6.63659	278.016
6.6413	278.016
6.64698	278.016
6.65746	278.016
6.66618	278.016
6.67057	278.016
6.6768	278.016
6.68112	289.6
6.68571	289.6
6.6906	269.328
6.69505	269.328
6.7015	278.016
6.70631	278.016
6.7107	278.016
6.71873	278.016
6.72335	278.016
6.72927	278.016
6.73456	278.016
6.74144	278.016
6.7458	278.016
6.75052	278.016
6.75476	278.016
6.75885	289.6
6.76473	289.6
6.76839	269.328
6.77332	269.328
6.77843	278.016
6.7832	278.016
6.78958	278.016
6.79574	278.016
6.79932	278.016
6.805	278.016
6.81055	278.016
6.81677	278.016
6.82248	278.016
6.82786	278.016
6.83191	278.016
6.83661	289.6
6.84128	289.6
6.84716	269.328
6.85386	269.328
6.86602	295.392
6.87438	309.872
6.8821	309.872
6.88671	309.872
6.89367	309.872
6.9003	309.872
6.90545	309.872
6.91085	309.872
6.91537	321.456
6.91961	321.456
6.9252	321.456
6.93082	298.288
6.93459	298.288
6.94114	306.976
6.94839	306.976
6.9528	306.976
6.95681	306.976
6.96123	306.976
6.96811	306.976
6.973	306.976
6.97872	306.976
6.98291	306.976
6.98792	306.976
6.99131	306.976
6.99442	318.56
6.99793	318.56
7.00292	318.56
7.00668	298.288
7.01025	298.288
7.0155	306.976
7.01965	306.976
7.02361	306.976
7.02839	306.976
7.03431	309.872
7.0403	309.872
7.04575	309.872
7.04984	309.872
7.05596	309.872
7.06194	309.872
7.06657	309.872
7.07002	309.872
7.07398	283.808
7.07872	295.392
7.08475	275.12
7.08878	275.12
7.09294	275.12
7.09827	283.808
7.10217	283.808
7.10742	283.808
7.11198	283.808
7.11588	283.808
7.12059	283.808
7.12431	283.808
7.13129	283.808
7.13637	283.808
7.14356	283.808
7.15052	283.808
7.15755	295.392
7.16134	295.392
7.16875	275.12
7.17305	283.808
7.17736	283.808
7.18127	283.808
7.18676	278.016
7.19281	278.016
7.19607	278.016
7.20021	278.016
7.20336	278.016
7.20856	278.016
7.21192	278.016
7.21632	278.016
7.21978	278.016
7.22406	278.016
7.22897	278.016
7.23419	289.6
7.23948	289.6
7.24606	269.328
7.25183	278.016
7.25775	278.016
7.26341	278.016
7.26981	278.016
7.27591	278.016
7.28047	278.016
7.28529	278.016
7.28992	278.016
7.29511	278.016
7.29928	278.016
7.30526	278.016
7.3088	278.016
7.31524	289.6
7.32259	269.328
7.32813	269.328
7.33316	280.912
7.33756	280.912
7.34241	280.912
7.34927	280.912
7.35284	280.912
7.35897	280.912
7.36356	280.912
7.36766	280.912
7.37193	280.912
7.37527	280.912
7.37972	280.912
7.38457	280.912
7.38951	280.912
7.3937	292.496
7.39759	292.496
7.40469	272.224
7.40922	280.912
7.41374	278.016
7.41803	278.016
7.42227	278.016
7.42579	278.016
7.43021	278.016
7.43381	278.016
7.43784	278.016
7.44166	278.016
7.44527	278.016
7.44849	278.016
7.45137	278.016
7.45479	278.016
7.45795	278.016
7.46218	315.664
7.46551	315.664
7.46936	327.248
7.47327	327.248
7.47727	327.248
7.48495	306.976
7.49003	315.664
7.49448	315.664
7.49936	315.664
7.50393	315.664
7.50716	315.664
7.5108	315.664
7.51503	315.664
7.52042	315.664
7.5235	315.664
7.52815	315.664
7.53438	315.664
7.53945	315.664
7.54402	315.664
7.54735	315.664
7.55106	327.248
7.55448	327.248
7.55844	327.248
7.56236	306.976
7.56642	306.976
7.57082	312.768
7.57586	312.768
7.58002	312.768
7.58433	312.768
7.58746	312.768
7.59195	312.768
7.59782	312.768
7.60393	312.768
7.60953	312.768
7.61359	312.768
7.61685	312.768
7.62001	312.768
7.62514	312.768
7.62984	324.352
7.63391	324.352
7.64007	304.08
7.644	269.328
7.64788	269.328
7.65188	278.016
7.65532	278.016
7.66185	278.016
7.66581	278.016
7.67015	278.016
7.67871	306.976
7.68586	315.664
7.69144	315.664
7.69777	315.664
7.70219	315.664
7.70598	315.664
7.71035	327.248
7.71616	327.248
7.72022	306.976
7.7252	306.976
7.72841	315.664
7.73148	315.664
7.73505	315.664
7.73865	315.664
7.74299	315.664
7.74696	315.664
7.75038	315.664
7.75395	315.664
7.7579	315.664
7.76123	315.664
7.76422	315.664
7.7686	315.664
7.77161	315.664
7.77578	315.664
7.77996	315.664
7.78422	315.664
7.78924	327.248
7.79486	327.248
7.80085	306.976
7.80513	306.976
7.80919	315.664
7.8147	315.664
7.81776	315.664
7.82507	315.664
7.82896	315.664
7.83274	315.664
7.83665	315.664
7.84083	315.664
7.84391	315.664
7.84751	315.664
7.85145	315.664
7.85504	315.664
7.85859	315.664
7.86261	315.664
7.86645	327.248
7.87047	298.288
7.87858	278.016
7.88299	278.016
7.88918	286.704
7.89326	286.704
7.89709	286.704
7.90047	286.704
7.90367	286.704
7.9076	286.704
7.91067	286.704
7.91463	286.704
7.91891	286.704
7.92254	286.704
7.9256	286.704
7.92901	286.704
7.93212	286.704
7.93593	286.704
7.94153	286.704
7.94468	298.288
7.94814	298.288
7.95198	298.288
7.9564	278.016
7.95953	278.016
7.9651	286.704
7.9699	286.704
7.97368	286.704
7.97719	286.704
7.98322	275.12
7.98692	275.12
7.99096	275.12
7.99464	275.12
7.9988	275.12
8.00212	275.12
8.00697	275.12
8.01086	275.12
8.01622	275.12
8.02235	275.12
8.02758	286.704
8.03266	286.704
8.03774	266.432
8.04229	275.12
8.04735	275.12
8.05013	275.12
8.05405	275.12
8.05783	275.12
8.06151	275.12
8.06474	275.12
8.06796	275.12
8.07131	275.12
8.07453	275.12
8.07825	275.12
8.0816	275.12
8.0845	275.12
8.089	275.12
8.09203	5.792
8.09668	5.792
8.09994	5.792
8.10396	5.792
8.10727	5.792
8.11325	5.792
8.11617	5.792
8.12145	5.792
8.12622	5.792
8.12971	5.792
8.13469	5.792
8.13921	5.792
8.14401	5.792
8.14826	5.792
8.15321	5.792
8.16032	5.792
8.16518	5.792
8.16965	5.792
8.17541	5.792
8.17856	5.792
8.18172	5.792
8.18728	5.792
8.19375	5.792
8.19887	5.792
8.20499	5.792
8.21326	5.792
8.22043	5.792
8.22692	5.792
8.2341	5.792
8.23856	5.792
8.24242	5.792
8.24916	5.792
8.25499	5.792
8.26189	5.792
8.26654	5.792
8.27052	5.792
8.27576	5.792
8.28139	5.792
8.28529	5.792
8.29325	5.792
8.30202	5.792
8.30737	5.792
8.31332	5.792
8.3218	280.912
8.33003	280.912
8.33637	295.392
8.342	286.704
8.34701	289.6
8.35138	289.6
8.35595	289.6
8.36164	292.496
8.36595	292.496
8.37092	292.496
8.37479	292.496
8.3787	292.496
8.3846	304.08
8.39083	304.08
8.39624	306.976
8.40161	286.704
8.40664	286.704
8.41139	295.392
8.41652	295.392
8.41999	295.392
8.42407	295.392
8.42911	295.392
8.4342	295.392
8.4379	295.392
8.44457	295.392
8.45275	295.392
8.45918	295.392
8.46536	295.392
8.47087	306.976
8.47767	306.976
8.48139	286.704
8.48876	286.704
8.50058	327.248
8.50695	359.104
8.51015	359.104
8.51393	359.104
8.5173	359.104
8.52162	359.104
8.52502	359.104
8.53008	359.104
8.53385	359.104
8.53811	359.104
8.5419	356.208
8.54661	356.208
8.55195	356.208
8.55976	367.792
8.56585	367.792
8.57119	347.52
8.5756	347.52
8.58098	353.312
8.58601	353.312
8.59384	353.312
8.59876	353.312
8.60536	353.312
8.61146	353.312
8.6178	353.312
8.62248	353.312
8.62931	353.312
8.63382	353.312
8.63769	353.312
8.64269	364.896
8.64818	347.52
8.65583	330.144
8.66144	330.144
8.66601	338.832
8.67201	338.832
8.67761	338.832
8.68198	338.832
8.68697	338.832
8.69271	338.832
8.69911	338.832
8.70267	338.832
8.71049	338.832
8.71786	338.832
8.72322	324.352
8.72835	335.936
8.73322	315.664
8.73662	315.664
8.74212	315.664
8.74769	324.352
8.75219	324.352
8.75618	324.352
8.76176	324.352
8.76716	324.352
8.77203	324.352
8.77728	324.352
8.78197	324.352
8.78618	324.352
8.79041	324.352
8.79445	295.392
8.7988	295.392
8.80217	295.392
8.80702	295.392
8.81163	306.976
8.81833	286.704
8.82226	286.704
8.82606	286.704
8.83083	295.392
8.83491	295.392
8.84209	295.392
8.84689	295.392
8.8524	295.392
8.85801	295.392
8.8623	295.392
8.86616	295.392
8.87024	295.392
8.8739	292.496
8.87873	292.496
8.88464	292.496
8.89011	333.04
8.8953	344.624
8.89896	344.624
8.90531	330.144
8.90892	330.144
8.91292	338.832
8.91783	338.832
8.92344	338.832
8.92965	338.832
8.93391	338.832
8.93758	338.832
8.94391	338.832
8.95079	338.832
8.95557	338.832
8.96011	338.832
8.96409	338.832
8.96854	338.832
8.97329	338.832
8.97707	350.416
8.98117	350.416
8.98546	330.144
8.99011	330.144
8.99379	338.832
8.99807	338.832
9.00415	338.832
9.01058	338.832
9.0141	338.832
9.01897	338.832
9.02358	338.832
9.02748	338.832
9.03585	338.832
9.04222	338.832
9.047	338.832
9.05104	338.832
9.0554	338.832
9.05891	318.56
9.06255	318.56
9.06644	318.56
9.07045	298.288
9.0741	298.288
9.07813	306.976
9.08203	306.976
9.08627	306.976
9.08982	306.976
9.09398	306.976
9.09776	306.976
9.10166	304.08
9.10557	304.08
9.11398	304.08
9.11885	333.04
9.12231	333.04
9.12615	333.04
9.1294	333.04
9.13408	333.04
9.13747	333.04
9.14203	344.624
9.14516	344.624
9.1499	344.624
9.15634	324.352
9.16201	324.352
9.16686	333.04
9.17112	333.04
9.17557	333.04
9.17872	333.04
9.18231	333.04
9.18615	333.04
9.19086	333.04
9.19502	333.04
9.19865	333.04
9.20249	333.04
9.20914	330.144
9.21478	330.144
9.22239	330.144
9.22787	335.936
9.23233	335.936
9.23579	315.664
9.24086	315.664
9.2441	315.664
9.24915	324.352
9.25341	324.352
9.25784	324.352
9.26157	324.352
9.26593	324.352
9.27075	324.352
9.27583	306.976
9.28172	306.976
9.28593	306.976
9.29013	306.976
9.2957	306.976
9.30078	306.976
9.30589	306.976
9.31028	324.352
9.31416	324.352
9.31876	304.08
9.32298	304.08
9.32939	312.768
9.33345	312.768
9.33726	312.768
9.34198	312.768
9.34733	312.768
9.35177	312.768
9.35644	312.768
9.36008	312.768
9.36326	312.768
9.36679	312.768
9.3704	312.768
9.37404	312.768
9.37787	312.768
9.3821	312.768
9.38637	312.768
9.39012	324.352
9.39554	315.664
9.40197	295.392
9.40681	295.392
9.41266	304.08
9.41805	304.08
9.42198	306.976
9.42599	309.872
9.43001	309.872
9.43449	309.872
9.44138	309.872
9.44511	309.872
9.4488	309.872
9.45284	309.872
9.45672	309.872
9.45991	309.872
9.46391	309.872
9.46733	309.872
9.47178	309.872
9.4754	321.456
9.47902	321.456
9.48315	321.456
9.48665	301.184
9.49059	301.184
9.49379	309.872
9.49785	309.872
9.50477	309.872
9.51099	309.872
9.5148	298.288
9.51875	298.288
9.52244	298.288
9.52935	298.288
9.53333	298.288
9.53686	298.288
9.54008	298.288
9.54429	298.288
9.54898	298.288
9.55279	298.288
9.55736	309.872
9.56114	309.872
9.56583	309.872
9.56976	289.6
9.5754	289.6
9.58199	298.288
9.58718	298.288
9.5928	298.288
9.5973	298.288
9.60077	298.288
9.60535	298.288
9.60883	298.288
9.61251	298.288
9.616	298.288
9.62	298.288
9.62461	298.288
9.62918	298.288
9.63412	298.288
9.6381	298.288
9.64215	309.872
9.64594	309.872
9.65017	289.6
9.65386	289.6
9.65797	289.6
9.66182	298.288
9.66622	298.288
9.67011	298.288
9.67456	298.288
9.67821	298.288
9.68258	295.392
9.6861	295.392
9.6906	295.392
9.6941	295.392
9.69821	295.392
9.70209	298.288
9.70635	298.288
9.70971	298.288
9.71457	298.288
9.71827	298.288
9.72276	309.872
9.72626	309.872
9.73094	309.872
9.73513	289.6
9.73956	289.6
9.74611	298.288
9.75459	298.288
9.76129	298.288
9.76705	298.288
9.77305	298.288
9.77733	298.288
9.78171	298.288
9.78575	298.288
9.79074	298.288
9.79426	298.288
9.79843	298.288
9.80321	298.288
9.80744	309.872
9.81142	309.872
9.81539	309.872
9.81978	289.6
9.82409	289.6
9.82804	298.288
9.83322	298.288
9.83733	298.288
9.84165	298.288
9.84613	298.288
9.85088	298.288
9.85593	298.288
9.8594	298.288
9.86305	298.288
9.86714	298.288
9.87108	295.392
9.87464	295.392
9.87875	295.392
9.88246	295.392
9.88626	295.392
9.89069	306.976
9.8951	306.976
9.89926	306.976
9.90292	286.704
9.90725	286.704
9.9122	295.392
9.91672	295.392
9.92018	295.392
9.92521	298.288
9.92957	298.288
9.93384	298.288
9.93734	298.288
9.94216	298.288
9.94548	298.288
9.94958	298.288
9.95389	298.288
9.95927	298.288
9.96321	298.288
9.96707	298.288
9.9707	298.288
9.97591	309.872
9.97993	309.872
9.98381	309.872
9.98788	289.6
9.99144	289.6
9.99527	298.288
10.00016	298.288
