0	2924.96
0.00388	2924.96
0.00783	2924.96
0.01111	2722.24
0.01398	2722.24
0.0174	2722.24
0.02031	2809.12
0.02623	2809.12
0.03003	2809.12
0.03283	2809.12
0.03688	2809.12
0.0408	2809.12
0.04444	2809.12
0.04893	2809.12
0.05172	2809.12
0.05557	2809.12
0.05967	2809.12
0.06337	2809.12
0.06649	2809.12
0.06936	2809.12
0.07306	2809.12
0.07752	2809.12
0.08046	2924.96
0.08465	2924.96
0.08788	2924.96
0.09154	2722.24
0.09537	2722.24
0.09854	2722.24
0.10153	2809.12
0.10485	2809.12
0.1085	2780.16
0.11173	2780.16
0.1159	2780.16
0.11954	2780.16
0.12346	2780.16
0.12663	2780.16
0.12967	2780.16
0.13341	2780.16
0.13673	2780.16
0.14088	2780.16
0.14398	2780.16
0.14812	2780.16
0.15167	2780.16
0.15559	2780.16
0.15946	2780.16
0.16349	2896
0.16686	2896
0.16998	2693.28
0.17364	2693.28
0.17662	2693.28
0.18048	2780.16
0.18365	2780.16
0.18783	2780.16
0.19299	2780.16
0.19635	2780.16
0.19923	2780.16
0.20215	2780.16
0.20552	2780.16
0.20893	2780.16
0.21247	2780.16
0.21601	2780.16
0.21972	2780.16
0.22305	2780.16
0.22722	2780.16
0.23045	2780.16
0.23331	2780.16
0.23639	2780.16
0.23931	2780.16
0.24398	2896
0.24808	2896
0.25154	2693.28
0.25635	2693.28
0.26043	2780.16
0.26423	2780.16
0.26734	2780.16
0.27212	2780.16
0.27563	2780.16
0.27949	2780.16
0.28281	2780.16
0.28657	2780.16
0.2895	2780.16
0.2929	2780.16
0.29614	2780.16
0.30084	2780.16
0.30724	2780.16
0.31282	2809.12
0.31727	2809.12
0.32172	2924.96
0.32492	2924.96
0.32811	2924.96
0.33255	2722.24
0.33738	2722.24
0.34073	2809.12
0.34368	2809.12
0.3471	2809.12
0.35003	2809.12
0.35296	2809.12
0.35598	2809.12
0.36026	2809.12
0.36425	2809.12
0.36828	2809.12
0.37213	2809.12
0.37603	2809.12
0.38005	2809.12
0.38326	2809.12
0.38639	2809.12
0.39446	2809.12
0.3993	2924.96
0.40274	2924.96
0.40799	2924.96
0.41193	2722.24
0.41524	2722.24
0.4196	2809.12
0.42316	2809.12
0.42639	2809.12
0.42938	2809.12
0.4328	2809.12
0.4367	2809.12
0.44345	2809.12
0.44663	2809.12
0.45059	2809.12
0.45385	2809.12
0.45774	2809.12
0.46175	2809.12
0.46484	2809.12
0.46993	2809.12
0.47373	2809.12
0.47716	2809.12
0.48047	2924.96
0.48378	2924.96
0.48714	2924.96
0.49098	2722.24
0.49415	2722.24
0.49756	2722.24
0.50088	2809.12
0.50412	2809.12
0.5072	2780.16
0.51009	2780.16
0.51457	2780.16
0.51981	2780.16
0.52652	2780.16
0.52969	2780.16
0.53279	2780.16
0.53635	2780.16
0.53989	2780.16
0.54352	2780.16
0.54727	2780.16
0.55075	2780.16
0.55427	2780.16
0.55879	2896
0.56221	2896
0.56564	2896
0.56929	2693.28
0.57279	2693.28
0.57627	2693.28
0.57935	2780.16
0.58381	2780.16
0.587	2780.16
0.59185	2809.12
0.59539	2780.16
0.60015	2780.16
0.60351	2780.16
0.60711	2780.16
0.61018	2780.16
0.61463	2780.16
0.61833	2780.16
0.62254	2780.16
0.62565	2780.16
0.62962	2780.16
0.63316	2780.16
0.6374	2896
0.64074	2896
0.6447	2896
0.64767	2693.28
0.65175	2693.28
0.65556	2693.28
0.659	2780.16
0.66407	2780.16
0.668	2780.16
0.6726	2780.16
0.67585	2780.16
0.67962	2780.16
0.68306	2780.16
0.68596	2780.16
0.68965	2780.16
0.6934	2780.16
0.69693	2780.16
0.70109	2780.16
0.70517	2780.16
0.70846	2780.16
0.7123	2780.16
0.71635	2780.16
0.72051	2896
0.72425	2896
0.72812	2896
0.7313	2693.28
0.73617	2693.28
0.74014	2780.16
0.74352	2780.16
0.74851	2780.16
0.75174	2780.16
0.75657	2780.16
0.75975	2780.16
0.76332	2780.16
0.7665	2780.16
0.77076	2780.16
0.77514	2809.12
0.77826	2809.12
0.78113	2809.12
0.78443	2809.12
0.78746	2809.12
0.79088	2809.12
0.79522	2809.12
0.79949	2924.96
0.80284	2924.96
0.80641	2924.96
0.80977	2722.24
0.81369	2722.24
0.81703	2722.24
0.82104	2809.12
0.82578	2809.12
0.82933	2809.12
0.83261	2809.12
0.83636	2809.12
0.83945	2809.12
0.84429	2809.12
0.84802	2809.12
0.85185	2809.12
0.85497	2809.12
0.85873	2809.12
0.86354	2809.12
0.86797	2809.12
0.87254	2809.12
0.87653	2809.12
0.88011	2924.96
0.88291	2924.96
0.89099	2722.24
0.89809	2722.24
0.90214	2809.12
0.90667	2809.12
0.91014	2809.12
0.91449	2809.12
0.91971	2809.12
0.9232	2809.12
0.92835	2809.12
0.93468	2780.16
0.93908	2780.16
0.94238	2780.16
0.94671	2780.16
0.9495	2780.16
0.95295	2780.16
0.95657	2780.16
0.96018	2896
0.96391	2896
0.96696	2896
0.97056	2693.28
0.97355	2693.28
0.97716	2693.28
0.98149	2780.16
0.98455	2809.12
0.98753	2809.12
0.99064	2809.12
0.99557	2809.12
0.99876	2809.12
1.00347	2809.12
1.00715	2809.12
1.01068	2809.12
1.01545	2809.12
1.0198	2809.12
1.02342	2809.12
1.02674	2809.12
1.0304	2809.12
1.03313	2809.12
1.03735	2809.12
1.04037	2924.96
1.04377	2896
1.04788	2896
1.05196	2693.28
1.05567	2693.28
1.05939	2780.16
1.06264	2780.16
1.06589	2780.16
1.06981	2780.16
1.07325	2780.16
1.07696	2780.16
1.0839	2780.16
1.08773	2780.16
1.09138	2780.16
1.0949	2780.16
1.09993	2780.16
1.10373	2780.16
1.1071	2780.16
1.11358	2780.16
1.11763	2780.16
1.12088	2896
1.12536	2896
1.12955	2693.28
1.13311	2693.28
1.13616	2693.28
1.13999	2780.16
1.14357	2780.16
1.14756	2780.16
1.15115	2780.16
1.15521	2780.16
1.15877	2780.16
1.1655	2867.04
1.16924	2953.92
1.17249	2953.92
1.17576	2953.92
1.17977	2953.92
1.18387	2953.92
1.19067	2982.88
1.19412	2982.88
1.19854	2982.88
1.2015	3098.72
1.20619	3098.72
1.20967	2896
1.21419	2896
1.21735	2896
1.2207	2982.88
1.22439	2982.88
1.22851	2982.88
1.23242	2982.88
1.23667	2982.88
1.24042	2982.88
1.24471	2982.88
1.24822	2982.88
1.25286	2982.88
1.25639	2982.88
1.26071	2982.88
1.26439	2982.88
1.26886	2982.88
1.27272	2982.88
1.2769	2982.88
1.28074	3098.72
1.28471	3098.72
1.28794	3098.72
1.29191	2896
1.29497	2896
1.298	2896
1.30227	2982.88
1.30738	2982.88
1.31139	2982.88
1.31555	2982.88
1.31907	2982.88
1.32231	2982.88
1.32704	2982.88
1.33055	2982.88
1.33536	2982.88
1.34114	2982.88
1.34728	2982.88
1.3519	2982.88
1.35624	2982.88
1.36066	3098.72
1.36525	3098.72
1.36954	2896
1.37288	2896
1.3766	2896
1.3805	2982.88
1.38419	2982.88
1.38863	2809.12
1.39214	2809.12
1.39642	2809.12
1.3997	2809.12
1.40362	2809.12
1.40739	2809.12
1.41246	2809.12
1.41614	2809.12
1.42036	2809.12
1.42401	2809.12
1.42736	2809.12
1.43198	2809.12
1.43626	2780.16
1.43952	2896
1.44351	2896
1.44711	2896
1.45137	2693.28
1.45611	2693.28
1.46005	2780.16
1.46352	2780.16
1.46833	2780.16
1.47225	2780.16
1.47594	2780.16
1.48016	2780.16
1.48364	2780.16
1.48722	2780.16
1.49184	2780.16
1.49562	2780.16
1.50061	2780.16
1.50395	2780.16
1.50853	2780.16
1.51185	2780.16
1.51571	2780.16
1.51946	2896
1.52362	2896
1.52735	2896
1.53147	2693.28
1.53497	2693.28
1.53834	2693.28
1.54243	2780.16
1.54578	2780.16
1.54967	2780.16
1.55289	2780.16
1.55624	2780.16
1.56006	2780.16
1.56452	2780.16
1.56791	2780.16
1.57181	2780.16
1.57603	2780.16
1.5795	2780.16
1.58351	2780.16
1.58801	2780.16
1.5913	2780.16
1.59496	2780.16
1.59913	2896
1.60236	2896
1.6063	2896
1.61147	2693.28
1.61533	2693.28
1.62042	2780.16
1.62411	2780.16
1.62807	2780.16
1.63246	2780.16
1.63672	2780.16
1.64065	2780.16
1.64401	2780.16
1.64799	2780.16
1.65148	2780.16
1.65569	2780.16
1.65947	2780.16
1.66473	2780.16
1.66824	2780.16
1.67232	2780.16
1.67588	2780.16
1.6798	2896
1.68399	2896
1.68747	2896
1.69226	2693.28
1.69581	2693.28
1.6996	2780.16
1.70295	2780.16
1.70629	2780.16
1.71045	2780.16
1.7137	2780.16
1.71814	2780.16
1.72342	2780.16
1.72671	2780.16
1.73154	2780.16
1.73515	2780.16
1.73915	2780.16
1.74297	2780.16
1.74832	2780.16
1.7518	2780.16
1.75552	2780.16
1.75973	2896
1.7632	2896
1.76747	2896
1.77239	2693.28
1.7759	2693.28
1.77993	2780.16
1.78333	2780.16
1.78696	2780.16
1.79004	2780.16
1.79328	2780.16
1.79637	2780.16
1.80024	2780.16
1.80425	2780.16
1.80813	2780.16
1.81215	2780.16
1.81562	2780.16
1.82411	2924.96
1.82793	2953.92
1.83248	2953.92
1.83643	2953.92
1.84017	3069.76
1.84438	3069.76
1.84814	3069.76
1.85515	2867.04
1.86065	2953.92
1.86587	2953.92
1.87173	2953.92
1.87632	2953.92
1.88286	2953.92
1.88727	2953.92
1.89164	2953.92
1.89524	2953.92
1.8997	2953.92
1.90331	2953.92
1.90793	2953.92
1.91153	2953.92
1.91556	2953.92
1.91981	3069.76
1.92326	3069.76
1.9277	3069.76
1.93095	2867.04
1.9343	2867.04
1.93915	2953.92
1.94289	2953.92
1.94732	2953.92
1.95147	2924.96
1.95622	2924.96
1.95993	2924.96
1.96379	2924.96
1.96765	2924.96
1.97139	2924.96
1.97725	2924.96
1.98082	2924.96
1.9842	2924.96
1.98768	2924.96
1.99349	2924.96
1.99809	2924.96
2.00222	3040.8
2.00586	3040.8
2.00994	2838.08
2.01288	2838.08
2.01615	2838.08
2.01911	2924.96
2.02293	2924.96
2.02657	2924.96
2.03153	2924.96
2.03495	2924.96
2.03815	2924.96
2.0421	2924.96
2.04516	2924.96
2.04852	2924.96
2.05299	2924.96
2.05599	2924.96
2.05995	2924.96
2.06372	2780.16
2.07143	2780.16
2.07723	2780.16
2.08172	2896
2.08545	2896
2.08902	2693.28
2.09267	2693.28
2.09666	2693.28
2.10013	2780.16
2.10429	2780.16
2.10775	2780.16
2.11163	2780.16
2.11609	2780.16
2.12075	2780.16
2.12455	2780.16
2.12921	2780.16
2.13296	2780.16
2.1369	2780.16
2.14223	2780.16
2.14658	2780.16
2.14978	2780.16
2.15409	2780.16
2.1589	2780.16
2.16344	2896
2.16809	2896
2.17192	2693.28
2.17636	2693.28
2.17994	2780.16
2.1844	2780.16
2.18862	2780.16
2.19294	2780.16
2.19958	2780.16
2.2035	2780.16
2.20709	2780.16
2.21028	2780.16
2.21488	2780.16
2.21819	2780.16
2.22247	2780.16
2.22544	2780.16
2.22862	2780.16
2.23223	2780.16
2.23684	2780.16
2.24041	2896
2.24552	2896
2.24926	2693.28
2.25293	2693.28
2.25626	2693.28
2.25935	2780.16
2.26396	2780.16
2.26731	2780.16
2.2712	2780.16
2.2744	2780.16
2.27758	2780.16
2.28146	2780.16
2.28484	2780.16
2.29163	2780.16
2.2972	2780.16
2.30111	2780.16
2.30695	2780.16
2.31143	2780.16
2.31584	2780.16
2.31978	2896
2.32349	2896
2.32736	2896
2.33086	2693.28
2.33417	2693.28
2.34039	2780.16
2.34632	2780.16
2.35151	2780.16
2.35504	2780.16
2.3582	2780.16
2.36316	2780.16
2.36798	2780.16
2.37267	2780.16
2.37866	2780.16
2.3821	2780.16
2.38583	2780.16
2.38949	2780.16
2.3939	2780.16
2.39776	2780.16
2.40093	2896
2.40411	2896
2.40713	2896
2.41229	2693.28
2.41658	2693.28
2.42094	2751.2
2.42415	2751.2
2.42848	2751.2
2.43254	2780.16
2.4375	2780.16
2.44152	2780.16
2.4452	2780.16
2.44868	2780.16
2.45285	2780.16
2.45667	2780.16
2.46048	2780.16
2.46406	2780.16
2.46855	2780.16
2.4721	2780.16
2.47646	2780.16
2.48027	2896
2.48443	2896
2.48853	2693.28
2.4926	2693.28
2.49641	2693.28
2.50034	2780.16
2.50402	2780.16
2.50842	2780.16
2.51196	2780.16
2.51692	2780.16
2.5205	2780.16
2.52498	2780.16
2.52797	2780.16
2.53202	2780.16
2.53575	2780.16
2.53969	2780.16
2.54472	2780.16
2.54865	2780.16
2.55298	2780.16
2.5595	2896
2.56708	2896
2.57304	2693.28
2.57784	2780.16
2.58303	2780.16
2.58759	2780.16
2.59108	2780.16
2.59558	2780.16
2.59918	2780.16
2.60374	2780.16
2.60796	2780.16
2.61204	2809.12
2.61585	2809.12
2.61975	2809.12
2.62408	2809.12
2.62835	2809.12
2.63229	2809.12
2.63815	2924.96
2.64479	2924.96
2.64967	2722.24
2.65443	2722.24
2.65769	2809.12
2.66141	2809.12
2.66492	2809.12
2.66834	2809.12
2.67162	2809.12
2.67576	2809.12
2.67964	2809.12
2.68413	2809.12
2.68827	2809.12
2.6928	2809.12
2.69636	2809.12
2.70124	2809.12
2.70502	2809.12
2.71113	2809.12
2.71576	2809.12
2.72032	2924.96
2.72473	2924.96
2.72812	2722.24
2.73219	2693.28
2.73552	2693.28
2.73983	2780.16
2.74426	2780.16
2.74876	2780.16
2.7563	2780.16
2.7616	2780.16
2.7654	2780.16
2.76937	2780.16
2.7731	2780.16
2.77635	2780.16
2.7807	2780.16
2.78453	2780.16
2.78863	2809.12
2.79233	2809.12
2.79623	2809.12
2.79963	2924.96
2.80357	2924.96
2.80819	2722.24
2.81302	2722.24
2.81949	2809.12
2.82562	2809.12
2.82891	2809.12
2.83469	2809.12
2.83839	2809.12
2.84289	2809.12
2.84723	2809.12
2.85152	2809.12
2.85606	2809.12
2.86078	2809.12
2.86463	2809.12
2.86868	2809.12
2.87258	2809.12
2.87623	2924.96
2.88081	2924.96
2.88828	2722.24
2.8942	2722.24
2.90047	2809.12
2.90405	2809.12
2.90799	2809.12
2.91195	2809.12
2.91801	2809.12
2.92286	2809.12
2.93183	2809.12
2.93692	2809.12
2.94177	2809.12
2.95088	2809.12
2.95877	2896
2.9641	2896
2.96955	2693.28
2.97407	2693.28
2.97778	2780.16
2.98209	2780.16
2.98654	2780.16
2.99115	2780.16
2.99789	2780.16
3.00356	2780.16
3.00791	2780.16
3.01263	2780.16
3.01703	2780.16
3.02242	2780.16
3.02659	2751.2
3.03628	2751.2
3.04726	2867.04
3.05494	2953.92
3.06276	3069.76
3.06811	3069.76
3.07276	3069.76
3.07652	3069.76
3.08219	3069.76
3.09256	3069.76
3.10035	3069.76
3.10611	3069.76
3.11142	3069.76
3.11556	3069.76
3.12043	3185.6
3.12949	2982.88
3.13426	2982.88
3.13845	3069.76
3.14281	3069.76
3.14835	3069.76
3.15218	3069.76
3.15947	3069.76
3.16279	3069.76
3.16651	3069.76
3.17003	3069.76
3.17339	3069.76
3.17685	3069.76
3.18148	2953.92
3.18467	2953.92
3.18797	2953.92
3.1929	2953.92
3.19646	3069.76
3.20051	3069.76
3.20421	3069.76
3.20825	2867.04
3.21318	2867.04
3.21683	2953.92
3.22148	2953.92
3.2257	2953.92
3.22918	2953.92
3.23291	2953.92
3.23652	2953.92
3.24112	2953.92
3.2448	2953.92
3.25108	2953.92
3.25434	2953.92
3.25863	2953.92
3.26227	2953.92
3.26608	2953.92
3.27212	2953.92
3.28044	3069.76
3.2856	2867.04
3.29068	2867.04
3.29535	2867.04
3.2992	2780.16
3.30365	2780.16
3.30687	2780.16
3.3117	2780.16
3.31561	2780.16
3.31986	2780.16
3.32464	2780.16
3.33413	2780.16
3.34099	2780.16
3.3511	2780.16
3.35813	2896
3.36338	2896
3.36732	2693.28
3.37194	2693.28
3.37662	2780.16
3.38324	2780.16
3.38723	2780.16
3.39119	2780.16
3.39574	2780.16
3.40381	2780.16
3.40829	2780.16
3.41296	2780.16
3.41705	2780.16
3.42065	2780.16
3.42412	2780.16
3.4286	2780.16
3.43435	2780.16
3.43856	2896
3.44221	2896
3.44623	2693.28
3.44953	2693.28
3.45331	2693.28
3.45645	2780.16
3.46043	2780.16
3.46394	2780.16
3.46825	2780.16
3.47228	2780.16
3.47625	2780.16
3.47997	2780.16
3.48465	2780.16
3.48864	2780.16
3.49258	2780.16
3.49651	2780.16
3.50097	2780.16
3.50477	2780.16
3.50898	2780.16
3.51684	2896
3.52114	2896
3.52553	2693.28
3.5293	2693.28
3.53244	2693.28
3.53669	2780.16
3.53999	2780.16
3.54416	2780.16
3.54831	2780.16
3.55256	2780.16
3.55703	2780.16
3.56116	2780.16
3.5644	2780.16
3.56788	2780.16
3.57181	2780.16
3.57556	2780.16
3.57951	2780.16
3.5829	2780.16
3.58602	2780.16
3.58996	2780.16
3.594	2896
3.59808	2896
3.60177	2896
3.60538	2693.28
3.6087	2693.28
3.61243	2693.28
3.61689	2780.16
3.62035	2780.16
3.62491	2780.16
3.62839	2780.16
3.63148	2780.16
3.63554	2780.16
3.63919	2780.16
3.64369	2780.16
3.6482	2780.16
3.65233	2780.16
3.65656	2780.16
3.66107	2780.16
3.66506	2780.16
3.67128	2780.16
3.67544	2896
3.67932	2896
3.68317	2693.28
3.68753	2693.28
3.69159	2693.28
3.69524	2780.16
3.69924	2780.16
3.70338	2780.16
3.7075	2780.16
3.71209	2780.16
3.71654	2780.16
3.72033	2780.16
3.72412	2780.16
3.73104	2780.16
3.73514	2780.16
3.73925	2780.16
3.74279	2780.16
3.74954	2780.16
3.75444	2896
3.75888	2896
3.7622	2896
3.7652	2693.28
3.7684	2693.28
3.7719	2693.28
3.77544	2780.16
3.77907	2780.16
3.78297	2780.16
3.78668	2780.16
3.79017	2780.16
3.79349	2780.16
3.79669	2780.16
3.80037	2780.16
3.80436	2780.16
3.80826	2780.16
3.81239	2780.16
3.81666	2780.16
3.82061	2780.16
3.82406	2780.16
3.82779	2780.16
3.83102	2780.16
3.8342	2896
3.83803	2896
3.84229	2896
3.84571	2693.28
3.8492	2693.28
3.85275	2780.16
3.85632	2780.16
3.86055	2780.16
3.8646	2780.16
3.86893	2780.16
3.87258	2780.16
3.87645	2780.16
3.88257	2780.16
3.88948	2780.16
3.89335	2780.16
3.89763	2780.16
3.90402	2780.16
3.90968	2780.16
3.91407	2896
3.91786	2896
3.92166	2896
3.92535	2693.28
3.9283	2693.28
3.93263	2693.28
3.9362	2780.16
3.94002	2780.16
3.94396	2780.16
3.94861	2809.12
3.95223	2809.12
3.95612	2809.12
3.95991	2809.12
3.9642	2809.12
3.96807	2809.12
3.97246	2809.12
3.97674	2809.12
3.97985	2809.12
3.98424	2809.12
3.9911	2809.12
3.99664	2924.96
4.00103	2924.96
4.00507	2722.24
4.00916	2722.24
4.0126	2809.12
4.0169	2809.12
4.02289	2809.12
4.02717	2809.12
4.03519	2809.12
4.03877	2809.12
4.043	2809.12
4.04683	2809.12
4.05108	2809.12
4.05555	2809.12
4.06007	2809.12
4.06524	2809.12
4.06949	2809.12
4.07351	2924.96
4.07724	2924.96
4.08074	2924.96
4.08534	2722.24
4.08853	2722.24
4.09195	2722.24
4.09609	2809.12
4.1004	2809.12
4.10415	2809.12
4.1083	2809.12
4.11178	2809.12
4.11568	2809.12
4.11973	2809.12
4.12311	2809.12
4.12731	2809.12
4.13141	2809.12
4.13543	2809.12
4.13964	2809.12
4.14267	2809.12
4.14699	2809.12
4.15135	2809.12
4.15627	2924.96
4.16038	2924.96
4.16518	2722.24
4.16933	2722.24
4.17269	2809.12
4.17656	2809.12
4.17975	2809.12
4.18394	2809.12
4.18891	2780.16
4.1923	2780.16
4.1956	2780.16
4.19871	2780.16
4.20217	2780.16
4.20607	2780.16
4.2096	2780.16
4.21282	2780.16
4.21611	2780.16
4.22019	2780.16
4.22461	2780.16
4.22847	2780.16
4.23209	2896
4.23605	2896
4.24025	2896
4.24398	2693.28
4.24767	2693.28
4.25149	2693.28
4.25499	2780.16
4.2582	2780.16
4.26171	2780.16
4.26549	2780.16
4.26894	2780.16
4.27211	2780.16
4.27561	2780.16
4.27977	2780.16
4.28349	2780.16
4.28754	2780.16
4.29152	2780.16
4.29604	2780.16
4.29959	2780.16
4.30333	2780.16
4.30777	2780.16
4.31123	2780.16
4.31523	2896
4.31938	2896
4.3235	2693.28
4.32667	2693.28
4.33106	2693.28
4.33503	2780.16
4.33891	2780.16
4.34315	2780.16
4.3474	2780.16
4.35187	2780.16
4.3571	2780.16
4.36132	2780.16
4.3646	2780.16
4.36825	2780.16
4.37271	2780.16
4.37575	2780.16
4.37983	2780.16
4.38659	2780.16
4.38958	2780.16
4.3927	2896
4.39654	2896
4.40051	2896
4.40434	2693.28
4.408	2693.28
4.41218	2780.16
4.41548	2780.16
4.41951	2780.16
4.42336	2780.16
4.42712	2780.16
4.43138	2780.16
4.43572	2780.16
4.4394	2780.16
4.44299	2780.16
4.44618	2780.16
4.45005	2780.16
4.45405	2780.16
4.45758	2780.16
4.46079	2780.16
4.46392	2780.16
4.46777	2780.16
4.47205	2780.16
4.4764	2896
4.47993	2896
4.48377	2693.28
4.48724	2693.28
4.49082	2693.28
4.49414	2780.16
4.49733	2780.16
4.50061	2780.16
4.50411	2780.16
4.50855	2780.16
4.51202	2780.16
4.51567	2780.16
4.51997	2780.16
4.52404	2780.16
4.52907	2780.16
4.53227	2780.16
4.5363	2780.16
4.54005	2780.16
4.5443	2780.16
4.5492	2780.16
4.55295	2896
4.55695	2896
4.56367	2693.28
4.56863	2693.28
4.57196	2780.16
4.57647	2780.16
4.58058	2780.16
4.58446	2780.16
4.58845	2780.16
4.59217	2780.16
4.59621	2780.16
4.60025	2780.16
4.60387	2780.16
4.6081	2780.16
4.6117	2809.12
4.61596	2809.12
4.62461	2809.12
4.62917	2809.12
4.63653	2924.96
4.64136	2924.96
4.64659	2722.24
4.65054	2722.24
4.6551	2780.16
4.6585	2780.16
4.66146	2780.16
4.66748	2780.16
4.67366	2780.16
4.67749	2780.16
4.68314	2780.16
4.68783	2780.16
4.69216	2780.16
4.69603	2780.16
4.70027	2780.16
4.70369	2780.16
4.70837	2780.16
4.7127	2896
4.71728	2896
4.72132	2896
4.72437	2693.28
4.72866	2693.28
4.73248	2780.16
4.73719	2780.16
4.74137	2780.16
4.74536	2780.16
4.74901	2780.16
4.75418	2780.16
4.75938	2780.16
4.76439	2780.16
4.76844	2780.16
4.77229	2780.16
4.77989	2780.16
4.78724	2780.16
4.79227	2896
4.79752	2896
4.8044	2693.28
4.80931	2693.28
4.8127	2780.16
4.81636	2780.16
4.82006	2780.16
4.82405	2780.16
4.82835	2780.16
4.83338	2780.16
4.83971	2780.16
4.84357	2780.16
4.84968	2780.16
4.85537	2780.16
4.86097	2780.16
4.86772	2780.16
4.87167	2896
4.87699	2896
4.88099	2693.28
4.88535	2693.28
4.88878	2693.28
4.89276	2780.16
4.89714	2780.16
4.90314	2809.12
4.90797	2809.12
4.91273	2809.12
4.91824	2809.12
4.92203	2809.12
4.92587	2809.12
4.93165	2809.12
4.93688	2809.12
4.94281	2809.12
4.946	2809.12
4.95117	2924.96
4.95453	2924.96
4.95852	2924.96
4.96325	2693.28
4.96814	2693.28
4.97305	2780.16
4.97855	2780.16
4.9828	2780.16
4.98709	2809.12
4.991	2809.12
4.99563	2809.12
5.00156	2809.12
5.00555	2809.12
5.01146	2809.12
5.01609	2809.12
5.01958	2809.12
5.02386	2809.12
5.02797	2809.12
5.03423	2924.96
5.03868	2924.96
5.0417	2722.24
5.04611	2722.24
5.05039	2722.24
5.05568	2809.12
5.06028	2809.12
5.06624	2809.12
5.07135	2809.12
5.07632	2809.12
5.08099	2809.12
5.08461	2809.12
5.08767	2809.12
5.0922	2809.12
5.09622	2809.12
5.09999	2809.12
5.10328	2809.12
5.10626	2809.12
5.11168	2924.96
5.11604	2924.96
5.12	2924.96
5.12462	2722.24
5.12833	2722.24
5.13325	2809.12
5.13611	2809.12
5.14045	2809.12
5.1434	2809.12
5.14793	2809.12
5.15178	2809.12
5.15677	2809.12
5.16017	2809.12
5.16479	2809.12
5.16803	2809.12
5.17273	2809.12
5.17652	2809.12
5.18334	2809.12
5.18885	2809.12
5.19304	2924.96
5.1965	2924.96
5.20015	2722.24
5.20747	2722.24
5.21158	2809.12
5.21632	2809.12
5.22056	2809.12
5.22434	2809.12
5.22776	2809.12
5.23155	2809.12
5.23604	2809.12
5.23949	2809.12
5.24405	2809.12
5.24842	2809.12
5.25251	2809.12
5.25622	2809.12
5.26031	2809.12
5.26484	2809.12
5.26906	2924.96
5.27537	2924.96
5.28114	2722.24
5.28543	2722.24
5.28931	2809.12
5.29296	2809.12
5.29669	2809.12
5.30047	2780.16
5.30563	2780.16
5.31154	2780.16
5.31888	2780.16
5.32437	2780.16
5.3287	2780.16
5.33639	2780.16
5.34211	2809.12
5.35003	2809.12
5.35546	2924.96
5.35981	2722.24
5.36444	2722.24
5.36927	2722.24
5.37252	2809.12
5.37768	2809.12
5.38351	2809.12
5.38768	2809.12
5.3931	2809.12
5.39713	2809.12
5.40322	2809.12
5.40803	2809.12
5.41276	2809.12
5.41705	2809.12
5.42147	2809.12
5.42572	2809.12
5.42964	2924.96
5.43318	2924.96
5.43659	2924.96
5.4405	2722.24
5.44381	2722.24
5.4479	2809.12
5.45156	2809.12
5.45563	2809.12
5.4595	2809.12
5.46314	2867.04
5.47005	2867.04
5.47476	2867.04
5.479	2867.04
5.48372	2867.04
5.48746	2867.04
5.49127	2867.04
5.49482	2867.04
5.49871	2867.04
5.50277	2867.04
5.50724	2867.04
5.51112	2982.88
5.51516	2982.88
5.51859	2780.16
5.52224	2780.16
5.5262	2780.16
5.52931	2867.04
5.53602	2867.04
5.54229	2867.04
5.54735	2867.04
5.55167	2867.04
5.5553	2867.04
5.56118	2867.04
5.56455	2867.04
5.56896	2867.04
5.57297	2867.04
5.57901	2867.04
5.58336	2867.04
5.58728	2867.04
5.59097	2982.88
5.59552	2982.88
5.60047	2780.16
5.60565	2780.16
5.61105	2867.04
5.61694	2838.08
5.62094	2838.08
5.62538	2838.08
5.62905	2838.08
5.63304	2838.08
5.63707	2780.16
5.64138	2780.16
5.64524	2780.16
5.6488	2780.16
5.65425	2780.16
5.65897	2780.16
5.66307	2780.16
5.66696	2780.16
5.67072	2896
5.67518	2896
5.6799	2693.28
5.68362	2693.28
5.68772	2693.28
5.69181	2780.16
5.69636	2780.16
5.7001	2780.16
5.70402	2780.16
5.70783	2780.16
5.71165	2780.16
5.71542	2780.16
5.72005	2780.16
5.72421	2809.12
5.72813	2809.12
5.73165	2809.12
5.73669	2809.12
5.74041	2809.12
5.74452	2809.12
5.74827	2924.96
5.75652	2924.96
5.76046	2722.24
5.76422	2722.24
5.76868	2809.12
5.7726	2809.12
5.77899	2809.12
5.78399	2809.12
5.78768	2809.12
5.79262	2809.12
5.79638	2809.12
5.80014	2809.12
5.80461	2809.12
5.81017	2809.12
5.81541	2809.12
5.81975	2809.12
5.82464	2809.12
5.82999	2924.96
5.83358	2924.96
5.83695	2924.96
5.84025	2722.24
5.84334	2722.24
5.84716	2722.24
5.8507	2809.12
5.85727	2809.12
5.86375	2809.12
5.86846	2809.12
5.87182	2809.12
5.87602	2809.12
5.88025	2809.12
5.88471	2809.12
5.88921	2809.12
5.89254	2809.12
5.89604	2809.12
5.90058	2809.12
5.90407	2809.12
5.90826	2809.12
5.91152	2924.96
5.91514	2924.96
5.91864	2722.24
5.92272	2722.24
5.92741	2722.24
5.93185	2809.12
5.93549	2809.12
5.93874	2809.12
5.94316	2809.12
5.94784	2809.12
5.9511	2809.12
5.95462	2809.12
5.95806	2809.12
5.96139	2809.12
5.96467	2809.12
5.96928	2780.16
5.97271	2780.16
5.97668	2780.16
5.98007	2780.16
5.9835	2780.16
5.98786	2780.16
5.99133	2896
5.99492	2896
5.999	2693.28
6.00235	2693.28
6.00562	2693.28
6.00901	2780.16
6.01248	2809.12
6.01637	2809.12
6.02024	2809.12
6.02435	2809.12
6.02878	2809.12
6.03324	2809.12
6.03698	2809.12
6.04105	2809.12
6.0441	2809.12
6.04716	2809.12
6.05151	2809.12
6.05465	2809.12
6.05778	2809.12
6.06083	2809.12
6.06486	2809.12
6.06868	2924.96
6.07228	2924.96
6.07578	2924.96
6.07945	2722.24
6.08291	2722.24
6.0869	2722.24
6.09058	2809.12
6.09414	2809.12
6.09814	2809.12
6.10206	2809.12
6.10614	2809.12
6.11026	2809.12
6.11509	2809.12
6.11934	2809.12
6.12291	2809.12
6.12724	2809.12
6.13088	2809.12
6.13524	2809.12
6.13897	2809.12
6.14327	2809.12
6.14825	2809.12
6.15203	2924.96
6.15629	2924.96
6.16076	2722.24
6.16463	2722.24
6.16888	2809.12
6.1731	2809.12
6.1771	2809.12
6.18068	2809.12
6.18503	2809.12
6.18869	2809.12
6.19505	2809.12
6.19905	2809.12
6.20288	2809.12
6.20633	2809.12
6.21139	2809.12
6.21619	2809.12
6.22012	2809.12
6.22495	2809.12
6.22895	2924.96
6.23309	2924.96
6.23702	2693.28
6.24096	2693.28
6.2457	2693.28
6.25045	2780.16
6.2545	2780.16
6.25984	2780.16
6.26429	2780.16
6.2687	2780.16
6.27537	2780.16
6.27908	2780.16
6.28267	2780.16
6.28673	2780.16
6.29088	2780.16
6.29484	2780.16
6.29901	2780.16
6.30317	2780.16
6.30771	2896
6.31234	2896
6.31678	2693.28
6.32189	2693.28
6.32583	2693.28
6.3301	2780.16
6.3338	2780.16
6.33738	2780.16
6.34131	2780.16
6.34484	2780.16
6.35003	2780.16
6.35642	2780.16
6.36183	2780.16
6.36619	2780.16
6.36993	2780.16
6.37559	2780.16
6.38055	2780.16
6.38616	2780.16
6.3927	2896
6.39684	2693.28
6.40049	2693.28
6.40444	2693.28
6.40849	2780.16
6.4129	2780.16
6.41689	2780.16
6.42322	2780.16
6.42997	2780.16
6.4401	2780.16
6.44604	2780.16
6.45028	2780.16
6.45487	2780.16
6.45913	2780.16
6.46284	2780.16
6.46757	2780.16
6.47121	2896
6.4757	2896
6.47925	2693.28
6.48359	2693.28
6.48713	2780.16
6.49151	2780.16
6.4954	2780.16
6.49972	2780.16
6.50415	2780.16
6.50948	2780.16
6.51549	2780.16
6.51917	2780.16
6.52345	2780.16
6.5283	2780.16
6.53236	2780.16
6.5361	2780.16
6.54041	2780.16
6.54417	2780.16
6.54863	2896
6.55231	2896
6.55664	2896
6.56038	2693.28
6.56473	2693.28
6.56834	2780.16
6.57281	2780.16
6.57645	2780.16
6.58092	2780.16
6.58459	2780.16
6.58906	2780.16
6.5927	2780.16
6.59694	2780.16
6.60096	2780.16
6.60744	2780.16
6.61164	2780.16
6.6158	2780.16
6.61992	2780.16
6.62412	2780.16
6.628	2896
6.63246	2896
6.63738	2693.28
6.64389	2693.28
6.64861	2780.16
6.65544	2780.16
6.6598	2780.16
6.66367	2780.16
6.66759	2780.16
6.67125	2780.16
6.67512	2780.16
6.67858	2780.16
6.68222	2780.16
6.68753	2780.16
6.69267	2780.16
6.69645	2780.16
6.7015	2780.16
6.70573	2780.16
6.71048	2896
6.71388	2896
6.71859	2693.28
6.72199	2693.28
6.72696	2780.16
6.73282	2780.16
6.73635	2780.16
6.74077	2780.16
6.74459	2780.16
6.74888	2780.16
6.75256	2780.16
6.75687	2780.16
6.76156	2780.16
6.76531	2780.16
6.76951	2780.16
6.77361	2780.16
6.77789	2780.16
6.78224	2780.16
6.78706	2780.16
6.79062	2896
6.79427	2896
6.80103	2693.28
6.80701	2693.28
6.81279	2780.16
6.81744	2780.16
6.8224	2780.16
6.8271	2780.16
6.83198	2780.16
6.83677	2780.16
6.84113	2780.16
6.84512	2780.16
6.8491	2780.16
6.85322	2780.16
6.85739	2780.16
6.86117	2780.16
6.86543	2780.16
6.86961	2896
6.87471	2896
6.88077	2693.28
6.88578	2693.28
6.89172	2780.16
6.89621	2780.16
6.90195	2780.16
6.90777	2780.16
6.91257	2780.16
6.91995	2780.16
6.92436	2780.16
6.92823	2780.16
6.9322	2780.16
6.93641	2780.16
6.94034	2780.16
6.94484	2780.16
6.94858	2896
6.95275	2896
6.95698	2693.28
6.96164	2693.28
6.96759	2780.16
6.97242	2780.16
6.97665	2780.16
6.98133	2780.16
6.98539	2780.16
6.9894	2780.16
6.99421	2780.16
7.00018	2780.16
7.00584	2780.16
7.00971	2780.16
7.01544	2780.16
7.02229	2780.16
7.02741	2896
7.03243	2896
7.03664	2693.28
7.04104	2693.28
7.04485	2693.28
7.05131	2780.16
7.05575	2780.16
7.05948	2780.16
7.06372	2780.16
7.06747	2780.16
7.07171	2780.16
7.0757	2780.16
7.08148	2780.16
7.08638	2780.16
7.09165	2780.16
7.09628	2780.16
7.10174	2780.16
7.10798	2896
7.11265	2896
7.11645	2693.28
7.12133	2664.32
7.12596	2664.32
7.13136	2751.2
7.13616	2780.16
7.14043	2809.12
7.14484	2809.12
7.14861	2809.12
7.15289	2809.12
7.15646	2809.12
7.16079	2809.12
7.16498	2809.12
7.16897	2809.12
7.17273	2809.12
7.17664	2809.12
7.18078	2809.12
7.1876	2896
7.1925	2896
7.19677	2693.28
7.20194	2693.28
7.20549	2693.28
7.20943	2780.16
7.21358	2780.16
7.21928	2780.16
7.22383	2809.12
7.22828	2809.12
7.23357	2809.12
7.23982	2809.12
7.24443	2809.12
7.24862	2809.12
7.25239	2809.12
7.25612	2809.12
7.26038	2809.12
7.26557	2809.12
7.26964	2924.96
7.27454	2924.96
7.27907	2722.24
7.28385	2722.24
7.29015	2809.12
7.29418	2809.12
7.30215	2809.12
7.31019	2809.12
7.31482	2809.12
7.31833	2809.12
7.32368	2809.12
7.32762	2809.12
7.33336	2809.12
7.33799	2809.12
7.3426	2809.12
7.3464	2924.96
7.35097	2924.96
7.35553	2924.96
7.35936	2722.24
7.36447	2722.24
7.36841	2809.12
7.37278	2809.12
7.37656	2809.12
7.38177	2809.12
7.38567	2809.12
7.38963	2809.12
7.39323	2809.12
7.39746	2809.12
7.40162	2809.12
7.40603	2809.12
7.40954	2780.16
7.41352	2780.16
7.41816	2780.16
7.4232	2780.16
7.42759	2896
7.43213	2896
7.43588	2693.28
7.44011	2693.28
7.44462	2693.28
7.44903	2780.16
7.45305	2780.16
7.45721	2780.16
7.46113	2780.16
7.46524	2780.16
7.46926	2780.16
7.47534	2780.16
7.48088	2780.16
7.48793	2780.16
7.49255	2780.16
7.49652	2780.16
7.50086	2780.16
7.50444	2780.16
7.50926	2896
7.51288	2896
7.51736	2693.28
7.52112	2693.28
7.52515	2693.28
7.52911	2780.16
7.53349	2780.16
7.53776	2780.16
7.54233	2780.16
7.54748	2780.16
7.55211	2780.16
7.56004	2780.16
7.56467	3098.72
7.56885	3098.72
7.57247	3098.72
7.57661	3098.72
7.58053	3098.72
7.58421	3098.72
7.5881	3098.72
7.5924	3214.56
7.59683	3214.56
7.60115	3011.84
7.60478	3011.84
7.6084	3011.84
7.61172	3098.72
7.61675	3098.72
7.62009	3098.72
7.62431	3098.72
7.62802	3098.72
7.63344	3098.72
7.63747	3098.72
7.64154	3098.72
7.64503	3098.72
7.64917	3098.72
7.65323	3098.72
7.6569	3098.72
7.66146	3098.72
7.66518	3098.72
7.66884	3214.56
7.67509	3214.56
7.68065	3011.84
7.68691	3011.84
7.69259	3098.72
7.69882	3098.72
7.70343	3098.72
7.70835	3127.68
7.71224	3127.68
7.71621	3127.68
7.72061	3127.68
7.72441	3127.68
7.72857	3127.68
7.73547	3127.68
7.74052	3127.68
7.74515	2867.04
7.74892	2953.92
7.75299	2982.88
7.75692	2982.88
7.7611	2780.16
7.76518	2780.16
7.76888	2867.04
7.77511	2867.04
7.77944	2867.04
7.7844	2867.04
7.78804	2867.04
7.79241	2867.04
7.79608	2867.04
7.80051	2867.04
7.80486	2867.04
7.80947	2867.04
7.81506	2867.04
7.81981	2867.04
7.82495	2867.04
7.82896	2982.88
7.83316	2982.88
7.83724	2982.88
7.84227	2780.16
7.84641	2780.16
7.85199	2867.04
7.85638	2867.04
7.8602	2780.16
7.86456	2780.16
7.86838	2780.16
7.87264	2780.16
7.87659	2780.16
7.88032	2780.16
7.8852	2780.16
7.89123	2780.16
7.89724	2780.16
7.90146	2780.16
7.90577	2780.16
7.9112	2896
7.91612	2896
7.92032	2693.28
7.92545	2693.28
7.9296	2780.16
7.9337	2780.16
7.93926	2780.16
7.94443	2780.16
7.94877	2780.16
7.95295	2780.16
7.95687	2780.16
7.96072	2780.16
7.96497	2780.16
7.9691	2780.16
7.97319	2780.16
7.97683	2780.16
7.98051	2780.16
7.98487	2780.16
7.98905	2896
7.99287	2896
7.99674	2896
8.0031	2693.28
8.00744	2693.28
8.01206	2780.16
8.01652	2809.12
8.0221	2809.12
8.02776	2809.12
8.03204	2809.12
8.03687	2809.12
8.04042	2809.12
8.04473	2809.12
8.05075	2809.12
8.05499	2809.12
8.05906	2809.12
8.06297	2809.12
8.06692	2809.12
8.07053	2924.96
8.07392	2924.96
8.07951	2924.96
8.08452	57.92
8.09094	57.92
8.09548	57.92
8.10016	57.92
8.10441	57.92
8.11031	57.92
8.11563	57.92
8.11984	57.92
8.12419	57.92
8.13167	57.92
8.13603	57.92
8.14216	57.92
8.14884	57.92
8.15723	57.92
8.1615	57.92
8.16655	57.92
8.17282	57.92
8.17933	57.92
8.18443	57.92
8.1928	57.92
8.19769	57.92
8.20363	57.92
8.2086	57.92
8.21308	57.92
8.22005	57.92
8.22495	57.92
8.23119	57.92
8.23765	57.92
8.24476	57.92
8.2523	57.92
8.25637	57.92
8.26441	57.92
8.2702	57.92
8.27772	57.92
8.28209	57.92
8.28986	57.92
8.29655	57.92
8.30039	57.92
8.30733	57.92
8.31451	57.92
8.3221	2765.68
8.32887	2838.08
8.33271	2838.08
8.3362	2635.36
8.34315	2838.08
8.34749	2953.92
8.35091	2953.92
8.3543	2953.92
8.35852	2751.2
8.36161	2751.2
8.36645	2751.2
8.36953	2838.08
8.37309	2838.08
8.37938	2838.08
8.38428	2838.08
8.38896	2838.08
8.39323	2838.08
8.39777	2838.08
8.40217	2838.08
8.40586	2838.08
8.41008	2838.08
8.414	2838.08
8.41864	2838.08
8.4221	2838.08
8.42646	2953.92
8.43034	2953.92
8.43494	2953.92
8.43914	2751.2
8.44275	2693.28
8.44725	2693.28
8.45592	2780.16
8.46152	2780.16
8.46615	2780.16
8.47162	2780.16
8.47554	2780.16
8.48044	2780.16
8.48445	2780.16
8.48866	2780.16
8.49319	2780.16
8.49741	2780.16
8.50094	2780.16
8.50485	2780.16
8.50898	2896
8.51312	2896
8.51755	2693.28
8.52163	2693.28
8.52594	2693.28
8.53049	2780.16
8.53518	2780.16
8.53909	2780.16
8.54333	2780.16
8.54843	2780.16
8.5556	2780.16
8.55956	2780.16
8.56415	2780.16
8.56836	2780.16
8.57216	2780.16
8.57671	2809.12
8.58088	2809.12
8.58631	2809.12
8.58989	2924.96
8.59413	2924.96
8.5975	2722.24
8.60093	2722.24
8.6059	2722.24
8.60985	2809.12
8.61413	2809.12
8.61823	2809.12
8.62172	2809.12
8.62684	2809.12
8.63116	2809.12
8.63842	2809.12
8.64493	2809.12
8.64947	2809.12
8.65327	2809.12
8.66108	2809.12
8.66839	2924.96
8.67404	2924.96
8.67865	2722.24
8.68301	2722.24
8.68692	2809.12
8.69134	2809.12
8.6962	2809.12
8.70032	2809.12
8.70446	2809.12
8.7082	2809.12
8.71199	2809.12
8.71571	2809.12
8.71935	2809.12
8.72316	2809.12
8.72678	2809.12
8.7306	2809.12
8.73409	2809.12
8.73724	2809.12
8.74109	2809.12
8.74526	2809.12
8.74895	2896
8.75366	2896
8.75934	2693.28
8.76511	2693.28
8.76988	2780.16
8.77544	2780.16
8.77982	2780.16
8.79085	2780.16
8.79474	3243.52
8.79857	3243.52
8.80165	3243.52
8.80483	3243.52
8.81095	3243.52
8.81577	3243.52
8.81991	3243.52
8.82429	3243.52
8.83007	3359.36
8.83557	3359.36
8.83978	3156.64
8.84363	3156.64
8.8476	3156.64
8.85184	3243.52
8.85553	3243.52
8.85948	3243.52
8.86418	3243.52
8.86847	3243.52
8.87184	3243.52
8.87519	3243.52
8.87864	3243.52
8.88226	3243.52
8.88658	3243.52
8.89065	3243.52
8.89427	3243.52
8.89794	3243.52
8.90275	3243.52
8.90694	3243.52
8.91183	3388.32
8.91576	3388.32
8.92161	3185.6
8.9289	3185.6
8.9335	3098.72
8.93751	3098.72
8.94226	3098.72
8.94751	3098.72
8.95262	3098.72
8.95807	3098.72
8.9632	3098.72
8.9678	3098.72
8.97187	3098.72
8.97668	3098.72
8.98019	3098.72
8.98407	3098.72
8.98911	3214.56
8.99297	3214.56
8.99927	3011.84
9.00362	3011.84
9.00766	3011.84
9.01122	3098.72
9.01535	3098.72
9.01961	3098.72
9.02368	3098.72
9.02798	3098.72
9.03236	3098.72
9.03797	2809.12
9.04359	2809.12
9.0484	2809.12
9.0533	2809.12
9.05751	2809.12
9.0614	2809.12
9.06584	2809.12
9.07024	2924.96
9.07394	2924.96
9.0781	2722.24
9.08173	2722.24
9.08598	2722.24
9.08944	2809.12
9.09299	2809.12
9.09671	2809.12
9.1004	2809.12
9.10409	2809.12
9.10758	2809.12
9.11166	2809.12
9.11599	2809.12
9.12079	2809.12
9.12508	2809.12
9.12907	2809.12
9.1327	2809.12
9.13645	2809.12
9.14018	2809.12
9.14388	2809.12
9.14885	2924.96
9.15257	2924.96
9.15663	2924.96
9.16136	2722.24
9.16476	2722.24
9.17038	2809.12
9.17545	2809.12
9.18198	2809.12
9.18925	2809.12
9.1934	2809.12
9.19722	2809.12
9.20082	2809.12
9.20414	2809.12
9.21112	2809.12
9.21479	2809.12
9.21917	2809.12
9.22356	2809.12
9.22787	2809.12
9.23257	2924.96
9.23962	2722.24
9.24659	2722.24
9.25246	2809.12
9.25682	2809.12
9.26157	2809.12
9.26598	2809.12
9.27011	2809.12
9.27373	2809.12
9.27739	2809.12
9.28098	2809.12
9.28557	2809.12
9.28905	2809.12
9.2927	2809.12
9.29661	2809.12
9.30189	2809.12
9.30583	2809.12
9.31243	2924.96
9.31598	2924.96
9.3199	2722.24
9.32412	2722.24
9.32875	2809.12
9.33373	2809.12
9.33799	2809.12
9.34297	2809.12
9.34738	2809.12
9.35127	2809.12
9.35523	2809.12
9.35983	2809.12
9.36413	2809.12
9.36815	2809.12
9.37247	2809.12
9.37656	2809.12
9.38006	2809.12
9.38383	2809.12
9.38822	2924.96
9.39253	2924.96
9.39667	2924.96
9.40026	2722.24
9.40372	2722.24
9.40741	2722.24
9.41227	2809.12
9.41652	2809.12
9.42052	2809.12
9.42478	2809.12
9.42885	2809.12
9.43275	2809.12
9.43714	2809.12
9.44201	2809.12
9.44657	2809.12
9.45098	2809.12
9.45503	2809.12
9.45962	2809.12
9.46417	2809.12
9.46851	2924.96
9.47336	2924.96
9.47762	2896
9.4818	2693.28
9.48957	2693.28
9.496	2780.16
9.50131	2780.16
9.50525	2780.16
9.50897	2780.16
9.5157	2780.16
9.5201	2780.16
9.52487	2809.12
9.52887	2809.12
9.53323	2809.12
9.53689	2809.12
9.54216	2809.12
9.54555	2809.12
9.54908	2924.96
9.55261	2924.96
9.55849	2924.96
9.56259	2722.24
9.56687	2722.24
9.57058	2809.12
9.57429	2809.12
9.57784	2809.12
9.58286	2809.12
9.58704	2809.12
9.59169	2809.12
9.59665	2809.12
9.60324	2809.12
9.60844	2809.12
9.61221	2809.12
9.61608	2809.12
9.62045	2809.12
9.62397	2809.12
9.62845	2924.96
9.63348	2924.96
9.63739	2924.96
9.64083	2722.24
9.64514	2722.24
9.64927	2809.12
9.65419	2809.12
9.65951	2838.08
9.66323	2838.08
9.66779	2838.08
9.67244	2838.08
9.67707	2838.08
9.68092	2838.08
9.68623	2838.08
9.69154	2838.08
9.69613	2838.08
9.70098	2838.08
9.7046	2838.08
9.70813	2953.92
9.71227	2953.92
9.71656	2953.92
9.72008	2751.2
9.72428	2751.2
9.72979	2838.08
9.73482	2838.08
9.73932	2838.08
9.74373	2838.08
9.74836	2838.08
9.75304	2838.08
9.7569	2838.08
9.76205	2838.08
9.76719	2838.08
9.77142	2838.08
9.77507	2838.08
9.77888	2838.08
9.78221	2838.08
9.78587	2838.08
9.7896	2953.92
9.79383	2953.92
9.7973	2953.92
9.80113	2751.2
9.80511	2751.2
9.80879	2838.08
9.81489	2838.08
9.81969	2838.08
9.82445	2838.08
9.8289	2838.08
9.83411	2838.08
9.8383	2838.08
9.84349	2838.08
9.84757	2838.08
9.85084	2838.08
9.85495	2838.08
9.85875	2838.08
9.86295	2838.08
9.86664	2838.08
9.86994	2953.92
9.87411	2953.92
9.87778	2751.2
9.88216	2751.2
9.88561	2751.2
9.88949	2838.08
9.89357	2838.08
9.90215	2838.08
9.90712	2838.08
9.91196	2838.08
9.91695	2838.08
9.92153	2838.08
9.92574	2838.08
9.92979	2838.08
9.93367	2838.08
9.93744	2838.08
9.94125	2838.08
9.94585	2838.08
9.95286	2953.92
9.9585	2751.2
9.96327	2751.2
9.96881	2751.2
9.97343	2838.08
9.9771	2838.08
9.98201	2838.08
9.98822	2838.08
9.99228	2838.08
9.99669	2838.08
10.0015	2838.08
