0	514.04
0.00374	514.04
0.00782	514.04
0.01202	514.04
0.01623	514.04
0.02005	514.04
0.0237	514.04
0.02766	514.04
0.03149	514.04
0.03596	514.04
0.04244	514.04
0.04717	514.04
0.05214	514.04
0.05642	514.04
0.06196	514.04
0.06742	514.04
0.07225	514.04
0.07655	514.04
0.08076	514.04
0.08542	514.04
0.09383	514.04
0.09889	514.04
0.10282	514.04
0.10665	514.04
0.11142	514.04
0.11564	514.04
0.11963	514.04
0.12367	514.04
0.12766	514.04
0.13265	514.04
0.13901	514.04
0.14347	514.04
0.14778	514.04
0.15173	514.04
0.1556	514.04
0.1604	514.04
0.16469	514.04
0.16942	514.04
0.17438	514.04
0.17932	514.04
0.18342	514.04
0.18787	514.04
0.19322	514.04
0.20001	514.04
0.20384	514.04
0.20759	514.04
0.2122	514.04
0.21639	514.04
0.2206	514.04
0.22503	514.04
0.23011	514.04
0.23503	514.04
0.23988	514.04
0.24366	514.04
0.24846	514.04
0.25276	514.04
0.25851	514.04
0.26322	514.04
0.26973	514.04
0.27421	514.04
0.27828	514.04
0.28289	514.04
0.28705	514.04
0.29086	514.04
0.29519	514.04
0.29996	514.04
0.30687	514.04
0.31095	514.04
0.31493	514.04
0.31892	514.04
0.32481	514.04
0.33087	514.04
0.33564	514.04
0.33996	514.04
0.34644	514.04
0.35077	514.04
0.35496	514.04
0.35955	514.04
0.36516	514.04
0.3701	514.04
0.37697	514.04
0.38301	514.04
0.38701	514.04
0.39171	514.04
0.40082	514.04
0.40798	514.04
0.41312	514.04
0.41759	514.04
0.42201	514.04
0.4265	514.04
0.43027	514.04
0.43464	514.04
0.43915	514.04
0.44473	514.04
0.45013	514.04
0.45387	514.04
0.45713	514.04
0.46059	514.04
0.46463	514.04
0.46825	514.04
0.47256	514.04
0.4778	514.04
0.48301	514.04
0.48657	514.04
0.49085	514.04
0.49506	514.04
0.49985	514.04
0.50439	514.04
0.50937	514.04
0.51446	514.04
0.51905	514.04
0.52331	514.04
0.52785	514.04
0.53195	514.04
0.53543	514.04
0.53951	514.04
0.54451	514.04
0.54876	514.04
0.55304	514.04
0.55665	514.04
0.56033	514.04
0.56435	514.04
0.56811	514.04
0.57196	514.04
0.57608	514.04
0.58057	514.04
0.58519	514.04
0.59039	514.04
0.59402	514.04
0.59885	514.04
0.60285	514.04
0.60771	514.04
0.61185	514.04
0.61697	514.04
0.62339	514.04
0.62789	514.04
0.63294	514.04
0.63796	514.04
0.64231	514.04
0.64799	514.04
0.65313	514.04
0.65765	514.04
0.66227	514.04
0.66667	514.04
0.67103	514.04
0.67706	514.04
0.68384	514.04
0.68765	514.04
0.69194	514.04
0.69573	514.04
0.69931	514.04
0.70398	514.04
0.70819	514.04
0.71168	514.04
0.71507	514.04
0.71908	514.04
0.72361	514.04
0.72775	514.04
0.73203	514.04
0.73616	514.04
0.74027	514.04
0.7447	514.04
0.7504	514.04
0.75435	514.04
0.76063	514.04
0.76479	514.04
0.76913	514.04
0.77297	514.04
0.77917	514.04
0.78492	514.04
0.78864	514.04
0.79313	514.04
0.79762	514.04
0.8026	514.04
0.80684	514.04
0.81089	514.04
0.81478	514.04
0.81961	514.04
0.8235	514.04
0.82816	514.04
0.83198	514.04
0.83621	514.04
0.83978	514.04
0.84558	514.04
0.85051	514.04
0.85611	514.04
0.86081	514.04
0.86585	514.04
0.87126	514.04
0.87591	514.04
0.88056	514.04
0.88632	514.04
0.89012	514.04
0.89592	514.04
0.90066	514.04
0.90485	514.04
0.90928	514.04
0.91351	514.04
0.9188	514.04
0.92394	514.04
0.92758	514.04
0.93153	514.04
0.93599	514.04
0.93961	514.04
0.94395	514.04
0.9483	514.04
0.954	514.04
0.96064	514.04
0.96695	514.04
0.9714	514.04
0.97714	514.04
0.98113	514.04
0.98476	514.04
0.98946	514.04
0.99419	514.04
0.998	514.04
1.0018	514.04
1.00561	514.04
1.0091	514.04
1.01303	514.04
1.01695	514.04
1.02057	514.04
1.02475	514.04
1.02887	514.04
1.03494	514.04
1.03934	514.04
1.04296	514.04
1.04769	514.04
1.05133	514.04
1.05596	514.04
1.06024	514.04
1.06492	514.04
1.07035	514.04
1.07427	514.04
1.07953	514.04
1.08373	514.04
1.08745	514.04
1.09191	514.04
1.0958	514.04
1.1004	514.04
1.10498	514.04
1.10976	514.04
1.11329	514.04
1.11854	514.04
1.12313	514.04
1.12687	514.04
1.13083	514.04
1.13446	514.04
1.13801	514.04
1.14289	514.04
1.14716	514.04
1.15204	514.04
1.15785	514.04
1.16395	514.04
1.16832	514.04
1.17193	514.04
1.17645	514.04
1.18034	514.04
1.18402	514.04
1.18833	514.04
1.19221	514.04
1.19648	514.04
1.20102	514.04
1.2054	514.04
1.20897	514.04
1.2132	514.04
1.21819	514.04
1.22301	514.04
1.22749	514.04
1.23173	514.04
1.23606	514.04
1.242	514.04
1.24642	514.04
1.2508	514.04
1.25452	514.04
1.26137	514.04
1.26764	514.04
1.27141	514.04
1.27552	514.04
1.2791	514.04
1.28371	514.04
1.28711	514.04
1.29193	514.04
1.29585	514.04
1.29958	514.04
1.30337	514.04
1.30764	514.04
1.31514	514.04
1.31911	514.04
1.3225	514.04
1.32665	514.04
1.33045	514.04
1.33433	514.04
1.33936	514.04
1.34405	514.04
1.34793	514.04
1.35182	514.04
1.35577	514.04
1.36102	514.04
1.36658	514.04
1.37145	514.04
1.37616	514.04
1.38042	514.04
1.38569	514.04
1.39009	514.04
1.39451	514.04
1.39921	514.04
1.40403	514.04
1.40893	514.04
1.41306	514.04
1.41837	514.04
1.42296	514.04
1.42694	514.04
1.43054	514.04
1.43471	514.04
1.43833	514.04
1.44308	514.04
1.44676	514.04
1.45111	514.04
1.45579	514.04
1.4616	514.04
1.46662	514.04
1.47253	514.04
1.47894	514.04
1.48244	514.04
1.48678	514.04
1.4908	514.04
1.49498	514.04
1.49891	514.04
1.50387	514.04
1.50784	514.04
1.51146	514.04
1.51533	514.04
1.51917	514.04
1.52463	514.04
1.53005	514.04
1.53393	514.04
1.53871	514.04
1.54349	514.04
1.54724	514.04
1.55278	514.04
1.55851	514.04
1.56312	514.04
1.56766	514.04
1.57183	514.04
1.57637	514.04
1.58073	514.04
1.58508	514.04
1.58842	514.04
1.59241	514.04
1.59721	514.04
1.60294	514.04
1.60874	514.04
1.61324	514.04
1.62003	514.04
1.62387	514.04
1.62843	514.04
1.63377	514.04
1.63945	514.04
1.64355	514.04
1.6472	514.04
1.65166	514.04
1.65829	514.04
1.66245	514.04
1.66627	514.04
1.67118	514.04
1.67672	514.04
1.68178	514.04
1.68618	514.04
1.69014	514.04
1.6941	514.04
1.699	514.04
1.70311	514.04
1.70827	514.04
1.71287	514.04
1.71754	514.04
1.72128	514.04
1.72673	514.04
1.7306	514.04
1.73504	514.04
1.739	514.04
1.74365	514.04
1.74809	514.04
1.75244	514.04
1.7566	514.04
1.76164	514.04
1.76539	514.04
1.77359	514.04
1.77793	514.04
1.78286	514.04
1.78694	514.04
1.79152	514.04
1.79599	514.04
1.80043	514.04
1.80463	514.04
1.80871	514.04
1.81333	514.04
1.81853	514.04
1.82366	514.04
1.82819	514.04
1.83242	514.04
1.8375	514.04
1.84303	514.04
1.84756	514.04
1.85159	514.04
1.85606	514.04
1.86	514.04
1.86471	514.04
1.86983	514.04
1.87703	514.04
1.88332	514.04
1.88729	514.04
1.89197	514.04
1.89599	514.04
1.90057	514.04
1.90694	514.04
1.91127	514.04
1.9163	514.04
1.92109	514.04
1.92562	514.04
1.92933	514.04
1.93494	514.04
1.93937	514.04
1.94386	514.04
1.94902	514.04
1.9547	514.04
1.9606	514.04
1.9653	514.04
1.97121	514.04
1.97594	514.04
1.98021	514.04
1.98446	514.04
1.98862	514.04
1.99314	514.04
1.99903	514.04
2.00431	514.04
2.00876	514.04
2.0134	514.04
2.01718	514.04
2.02236	514.04
2.02721	514.04
2.03196	514.04
2.03646	514.04
2.04212	514.04
2.04604	514.04
2.051	514.04
2.05555	514.04
2.06192	514.04
2.06798	514.04
2.07261	514.04
2.07741	514.04
2.08136	514.04
2.08661	514.04
2.09128	514.04
2.09595	514.04
2.10027	514.04
2.10435	514.04
2.10836	514.04
2.11278	514.04
2.11738	514.04
2.12226	514.04
2.12625	514.04
2.13106	514.04
2.13526	514.04
2.14031	514.04
2.14505	514.04
2.14989	514.04
2.15467	514.04
2.15945	514.04
2.16381	514.04
2.16787	514.04
2.17179	514.04
2.17566	514.04
2.18291	514.04
2.1878	514.04
2.1919	514.04
2.19702	514.04
2.20119	514.04
2.20605	514.04
2.21026	514.04
2.21504	514.04
2.21994	514.04
2.22424	514.04
2.2294	514.04
2.23633	514.04
2.24113	514.04
2.24639	514.04
2.2512	514.04
2.2563	514.04
2.26027	514.04
2.26498	514.04
2.26957	514.04
2.27535	514.04
2.27977	514.04
2.284	514.04
2.28774	514.04
2.29225	514.04
2.29653	514.04
2.30063	514.04
2.30684	514.04
2.31148	514.04
2.31544	514.04
2.31957	514.04
2.32333	514.04
2.32818	514.04
2.33208	514.04
2.33704	514.04
2.34243	514.04
2.34701	514.04
2.35117	514.04
2.35567	514.04
2.35965	514.04
2.3642	514.04
2.36834	514.04
2.37204	514.04
2.37638	514.04
2.38088	514.04
2.38555	514.04
2.39034	514.04
2.39419	514.04
2.39967	514.04
2.40394	514.04
2.40819	514.04
2.41303	514.04
2.41816	514.04
2.42249	514.04
2.42701	514.04
2.43123	514.04
2.43504	514.04
2.43974	514.04
2.444	514.04
2.44923	514.04
2.45314	514.04
2.45753	514.04
2.46232	514.04
2.46706	514.04
2.47175	514.04
2.47604	514.04
2.48055	514.04
2.48476	514.04
2.48938	514.04
2.49475	514.04
2.5	514.04
2.50475	514.04
2.51029	514.04
2.51494	514.04
2.51959	514.04
2.52445	514.04
2.52885	514.04
2.53369	514.04
2.53841	514.04
2.54269	514.04
2.54754	514.04
2.55472	514.04
2.55979	514.04
2.56361	514.04
2.56816	514.04
2.57258	514.04
2.5764	514.04
2.58023	514.04
2.58426	514.04
2.58868	514.04
2.59253	514.04
2.59639	514.04
2.60328	514.04
2.60787	514.04
2.61393	514.04
2.61852	514.04
2.62316	514.04
2.62783	514.04
2.63467	514.04
2.63916	514.04
2.64441	514.04
2.64975	514.04
2.65514	514.04
2.66077	514.04
2.66533	514.04
2.66995	514.04
2.67487	514.04
2.67906	514.04
2.68341	514.04
2.688	514.04
2.69394	514.04
2.69931	514.04
2.70342	514.04
2.70835	514.04
2.71571	514.04
2.72027	514.04
2.72485	514.04
2.73091	514.04
2.736	514.04
2.74066	514.04
2.74535	514.04
2.7502	514.04
2.75435	514.04
2.75833	514.04
2.76245	514.04
2.76747	514.04
2.77254	514.04
2.77723	514.04
2.7816	514.04
2.78528	514.04
2.79031	514.04
2.79391	514.04
2.79814	514.04
2.80226	514.04
2.80612	514.04
2.81246	514.04
2.81854	514.04
2.82423	514.04
2.8287	514.04
2.83734	514.04
2.84331	514.04
2.84799	514.04
2.85311	514.04
2.86014	514.04
2.86418	514.04
2.86925	514.04
2.87418	514.04
2.88028	514.04
2.88426	514.04
2.88782	514.04
2.89198	514.04
2.89595	514.04
2.89968	514.04
2.90523	514.04
2.90925	514.04
2.91347	514.04
2.91931	514.04
2.92419	514.04
2.92879	514.04
2.93489	514.04
2.94001	514.04
2.94336	514.04
2.94714	514.04
2.95146	514.04
2.95668	514.04
2.96119	514.04
2.96492	514.04
2.96922	514.04
2.97784	514.04
2.98395	514.04
2.98925	514.04
2.99415	514.04
2.99827	514.04
3.00391	514.04
3.01081	514.04
3.01488	514.04
3.02044	514.04
3.02505	514.04
3.02909	514.04
3.03232	514.04
3.03672	514.04
3.04108	514.04
3.04487	514.04
3.05034	514.04
3.05548	514.04
3.05965	514.04
3.06718	514.04
3.07163	514.04
3.07776	514.04
3.08167	514.04
3.08567	514.04
3.09062	514.04
3.09489	514.04
3.09919	514.04
3.10453	514.04
3.11049	514.04
3.11415	514.04
3.1189	514.04
3.12286	514.04
3.12723	514.04
3.13104	514.04
3.13659	514.04
3.14258	514.04
3.14653	514.04
3.15107	514.04
3.15476	514.04
3.15897	514.04
3.16312	514.04
3.16715	514.04
3.17284	514.04
3.17956	514.04
3.1832	514.04
3.18773	514.04
3.1914	514.04
3.19567	514.04
3.19947	514.04
3.20535	514.04
3.21011	514.04
3.21496	514.04
3.21973	514.04
3.22375	514.04
3.22896	514.04
3.23366	514.04
3.23887	514.04
3.24313	514.04
3.2469	514.04
3.2508	514.04
3.25641	514.04
3.2625	514.04
3.26688	514.04
3.2717	514.04
3.27533	514.04
3.27936	514.04
3.28447	514.04
3.28901	514.04
3.29304	514.04
3.29729	514.04
3.30177	514.04
3.30646	514.04
3.31039	514.04
3.31621	514.04
3.32053	514.04
3.32597	514.04
3.33111	514.04
3.3356	514.04
3.34031	514.04
3.34716	514.04
3.35193	514.04
3.35831	514.04
3.36594	514.04
3.37108	514.04
3.37502	514.04
3.37911	514.04
3.38362	514.04
3.38807	514.04
3.39523	514.04
3.39911	514.04
3.40477	514.04
3.40964	514.04
3.41309	514.04
3.41725	514.04
3.4219	514.04
3.42563	514.04
3.4303	514.04
3.43454	514.04
3.43991	514.04
3.44501	514.04
3.45599	514.04
3.46105	514.04
3.46584	514.04
3.47031	514.04
3.47463	514.04
3.47908	514.04
3.48328	514.04
3.48811	514.04
3.49208	514.04
3.49613	514.04
3.50062	514.04
3.50474	514.04
3.51118	514.04
3.51953	514.04
3.5256	514.04
3.53152	514.04
3.53664	514.04
3.54053	514.04
3.54475	514.04
3.55085	514.04
3.55623	514.04
3.56093	514.04
3.5669	514.04
3.57367	514.04
3.58152	514.04
3.58672	514.04
3.59146	514.04
3.59542	514.04
3.60103	514.04
3.60526	514.04
3.61044	514.04
3.61479	514.04
3.6189	514.04
3.62368	514.04
3.62807	514.04
3.63185	514.04
3.63734	514.04
3.6436	514.04
3.64794	514.04
3.65228	514.04
3.65589	514.04
3.65981	514.04
3.66391	514.04
3.66806	514.04
3.67226	514.04
3.67645	514.04
3.68068	514.04
3.68737	514.04
3.69214	514.04
3.69647	514.04
3.70066	514.04
3.70445	514.04
3.70938	514.04
3.7153	514.04
3.71958	514.04
3.724	514.04
3.72825	514.04
3.73248	514.04
3.73738	514.04
3.74097	514.04
3.74545	514.04
3.75022	514.04
3.75439	514.04
3.75976	514.04
3.76494	514.04
3.76925	514.04
3.77266	514.04
3.77915	514.04
3.78376	514.04
3.79028	514.04
3.79543	514.04
3.79946	514.04
3.80363	514.04
3.80759	514.04
3.81396	514.04
3.82055	514.04
3.82486	514.04
3.82914	514.04
3.8326	514.04
3.83637	514.04
3.84005	514.04
3.8442	514.04
3.84908	514.04
3.85365	514.04
3.85964	514.04
3.86473	514.04
3.86939	514.04
3.87323	514.04
3.87927	514.04
3.88663	514.04
3.89032	514.04
3.89542	514.04
3.89935	514.04
3.90406	514.04
3.90843	514.04
3.91249	514.04
3.91703	514.04
3.92044	514.04
3.92465	514.04
3.92865	514.04
3.93318	514.04
3.93715	514.04
3.94136	514.04
3.94478	514.04
3.94903	514.04
3.95233	514.04
3.95603	514.04
3.96013	514.04
3.96424	514.04
3.96829	514.04
3.9722	514.04
3.97741	514.04
3.98404	514.04
3.98826	514.04
3.99493	514.04
3.99911	514.04
4.00462	514.04
4.01026	514.04
4.01411	514.04
4.01892	514.04
4.02328	514.04
4.02871	514.04
4.03335	514.04
4.03733	514.04
4.04334	514.04
4.04788	514.04
4.05146	514.04
4.0553	514.04
4.06036	514.04
4.06486	514.04
4.07041	514.04
4.0755	514.04
4.07954	514.04
4.08407	514.04
4.08783	514.04
4.09426	514.04
4.09888	514.04
4.10295	514.04
4.10751	514.04
4.11213	514.04
4.11595	514.04
4.12203	514.04
4.12673	514.04
4.1311	514.04
4.13534	514.04
4.1399	514.04
4.1438	514.04
4.14847	514.04
4.15294	514.04
4.15892	514.04
4.16387	514.04
4.1687	514.04
4.1733	514.04
4.17674	514.04
4.18098	514.04
4.18714	514.04
4.19143	514.04
4.19581	514.04
4.20187	514.04
4.20646	514.04
4.21097	514.04
4.21634	514.04
4.22238	514.04
4.22993	514.04
4.23455	514.04
4.23876	514.04
4.24314	514.04
4.24718	514.04
4.25187	514.04
4.25629	514.04
4.26077	514.04
4.27184	514.04
4.27747	514.04
4.28289	514.04
4.2873	514.04
4.29084	514.04
4.2947	514.04
4.29835	514.04
4.30188	514.04
4.30771	514.04
4.31159	514.04
4.31533	514.04
4.31879	514.04
4.32246	514.04
4.32683	514.04
4.33143	514.04
4.33786	514.04
4.34164	514.04
4.34588	514.04
4.34919	514.04
4.35262	514.04
4.3575	514.04
4.36131	514.04
4.36732	514.04
4.37374	514.04
4.37842	514.04
4.38257	514.04
4.38705	514.04
4.39087	514.04
4.39642	514.04
4.40027	514.04
4.40399	514.04
4.40748	514.04
4.41127	514.04
4.41562	514.04
4.41928	514.04
4.42379	514.04
4.43273	514.04
4.44009	514.04
4.448	514.04
4.45594	514.04
4.46254	514.04
4.46738	514.04
4.47217	514.04
4.47618	514.04
4.48052	514.04
4.48457	514.04
4.48867	514.04
4.49296	514.04
4.49918	514.04
4.50368	514.04
4.5085	514.04
4.51405	514.04
4.52094	514.04
4.52522	514.04
4.53065	514.04
4.53473	514.04
4.53815	514.04
4.5413	514.04
4.5468	514.04
4.55201	514.04
4.55655	514.04
4.56129	514.04
4.56475	514.04
4.56844	514.04
4.57236	514.04
4.57722	514.04
4.58155	514.04
4.58537	514.04
4.58965	514.04
4.59327	514.04
4.59777	514.04
4.60137	514.04
4.60591	514.04
4.61321	514.04
4.61686	514.04
4.6212	514.04
4.62491	514.04
4.62988	514.04
4.63318	514.04
4.6376	514.04
4.64091	514.04
4.64544	514.04
4.64918	514.04
4.65398	514.04
4.65743	514.04
4.66195	514.04
4.66628	514.04
4.67038	514.04
4.67484	514.04
4.67853	514.04
4.68333	514.04
4.68731	514.04
4.69156	514.04
4.69518	514.04
4.70184	514.04
4.70564	514.04
4.70977	514.04
4.71391	514.04
4.71794	514.04
4.72297	514.04
4.72724	514.04
4.73105	514.04
4.73466	514.04
4.73927	514.04
4.74482	514.04
4.74926	514.04
4.75249	514.04
4.75616	514.04
4.75938	514.04
4.76336	514.04
4.76678	514.04
4.77109	514.04
4.77574	514.04
4.77968	514.04
4.78368	514.04
4.78739	514.04
4.7923	514.04
4.79578	514.04
4.79991	514.04
4.80388	514.04
4.80794	514.04
4.81164	514.04
4.81559	514.04
4.81987	514.04
4.82388	514.04
4.82755	514.04
4.8313	514.04
4.83572	514.04
4.83964	514.04
4.84388	514.04
4.84835	514.04
4.85193	514.04
4.8569	514.04
4.86136	514.04
4.86715	514.04
4.87465	514.04
4.87916	514.04
4.88307	514.04
4.88762	514.04
4.89391	514.04
4.89902	514.04
4.90623	514.04
4.91105	514.04
4.91616	514.04
4.92316	514.04
4.92876	514.04
4.9337	514.04
4.93819	514.04
4.9428	514.04
4.94623	514.04
4.95095	514.04
4.9553	514.04
4.95953	514.04
4.96421	514.04
4.96806	514.04
4.97213	514.04
4.97791	514.04
4.98416	514.04
4.98789	514.04
4.9919	514.04
4.99631	514.04
5.00025	514.04
5.0037	514.04
5.00804	514.04
5.01171	514.04
5.01512	514.04
5.0196	514.04
5.02419	514.04
5.0282	514.04
5.03173	514.04
5.03533	514.04
5.03902	514.04
5.04258	514.04
5.04679	514.04
5.05055	514.04
5.05668	514.04
5.06248	514.04
5.06748	514.04
5.07165	514.04
5.07549	514.04
5.07999	514.04
5.08367	514.04
5.08807	514.04
5.09163	514.04
5.09688	514.04
5.10043	514.04
5.10392	514.04
5.10715	514.04
5.11128	514.04
5.11532	514.04
5.11999	514.04
5.12336	514.04
5.12817	514.04
5.13194	514.04
5.13581	514.04
5.13957	514.04
5.14418	514.04
5.14766	514.04
5.15133	514.04
5.15481	514.04
5.15825	514.04
5.16343	514.04
5.17034	514.04
5.17574	514.04
5.18133	514.04
5.18607	514.04
5.19011	514.04
5.19501	514.04
5.20061	514.04
5.20593	514.04
5.21008	514.04
5.21441	514.04
5.21831	514.04
5.22257	514.04
5.22652	514.04
5.23072	514.04
5.23507	514.04
5.23959	514.04
5.24345	514.04
5.24915	514.04
5.25648	514.04
5.26075	514.04
5.2654	514.04
5.26908	514.04
5.27382	514.04
5.27803	514.04
5.28302	514.04
5.28784	514.04
5.29172	514.04
5.29618	514.04
5.30069	514.04
5.30542	514.04
5.30934	514.04
5.31487	514.04
5.31913	514.04
5.32399	514.04
5.3284	514.04
5.33322	514.04
5.3367	514.04
5.34133	514.04
5.34501	514.04
5.34981	514.04
5.35331	514.04
5.3582	514.04
5.36229	514.04
5.36717	514.04
5.37134	514.04
5.37759	514.04
5.3812	514.04
5.38624	514.04
5.39097	514.04
5.39773	514.04
5.40268	514.04
5.40718	514.04
5.41203	514.04
5.41638	514.04
5.42232	514.04
5.42647	514.04
5.43158	514.04
5.43565	514.04
5.44036	514.04
5.44635	514.04
5.45044	514.04
5.45721	514.04
5.46185	514.04
5.46609	514.04
5.47268	514.04
5.47846	514.04
5.48341	514.04
5.48929	514.04
5.49547	514.04
5.50297	514.04
5.50929	514.04
5.51564	514.04
5.52021	514.04
5.52437	514.04
5.52857	514.04
5.53211	514.04
5.53633	514.04
5.54032	514.04
5.54462	514.04
5.54821	514.04
5.55195	514.04
5.55638	514.04
5.55971	514.04
5.56437	514.04
5.56833	514.04
5.57255	514.04
5.57622	514.04
5.58	514.04
5.58463	514.04
5.58848	514.04
5.59289	514.04
5.59715	514.04
5.6011	514.04
5.60592	514.04
5.61234	514.04
5.61904	514.04
5.62361	514.04
5.63075	514.04
5.63536	514.04
5.63898	514.04
5.64311	514.04
5.64668	514.04
5.65118	514.04
5.65534	514.04
5.6597	514.04
5.66322	514.04
5.6678	514.04
5.67215	514.04
5.67601	514.04
5.67977	514.04
5.68399	514.04
5.68959	514.04
5.69487	514.04
5.69958	514.04
5.70379	514.04
5.70765	514.04
5.71137	514.04
5.71508	514.04
5.7194	514.04
5.7235	514.04
5.73134	514.04
5.73534	514.04
5.74061	514.04
5.7448	514.04
5.74929	514.04
5.75242	514.04
5.75599	514.04
5.75967	514.04
5.76413	514.04
5.76786	514.04
5.7714	514.04
5.77487	514.04
5.77933	514.04
5.78274	514.04
5.78761	514.04
5.79116	514.04
5.79542	514.04
5.79908	514.04
5.80342	514.04
5.8069	514.04
5.81093	514.04
5.81454	514.04
5.82047	514.04
5.82441	514.04
5.8289	514.04
5.83248	514.04
5.83725	514.04
5.84181	514.04
5.8465	514.04
5.85074	514.04
5.85579	514.04
5.85979	514.04
5.86548	514.04
5.87043	514.04
5.87516	514.04
5.87947	514.04
5.88472	514.04
5.88894	514.04
5.89702	514.04
5.90261	514.04
5.90911	514.04
5.91741	514.04
5.92113	514.04
5.92574	514.04
5.92898	514.04
5.93315	514.04
5.93805	514.04
5.9413	514.04
5.94584	514.04
5.95069	514.04
5.95407	514.04
5.95867	514.04
5.96304	514.04
5.96759	514.04
5.97211	514.04
5.9754	514.04
5.97941	514.04
5.98387	514.04
5.98837	514.04
5.99296	514.04
5.99771	514.04
6.00269	514.04
6.00673	514.04
6.01548	514.04
6.01962	514.04
6.02352	514.04
6.02847	514.04
6.03241	514.04
6.03911	514.04
6.04331	514.04
6.04736	514.04
6.05269	514.04
6.05616	514.04
6.05993	514.04
6.06321	514.04
6.06685	514.04
6.07073	514.04
6.07408	514.04
6.0783	514.04
6.08202	514.04
6.08627	514.04
6.09057	514.04
6.09531	514.04
6.09997	514.04
6.10386	514.04
6.10775	514.04
6.11179	514.04
6.11624	514.04
6.12034	514.04
6.12381	514.04
6.12765	514.04
6.13095	514.04
6.1357	514.04
6.1394	514.04
6.14322	514.04
6.147	514.04
6.15072	514.04
6.15516	514.04
6.16035	514.04
6.16646	514.04
6.17271	514.04
6.17789	514.04
6.18116	514.04
6.1866	514.04
6.19175	514.04
6.19841	514.04
6.20512	514.04
6.2104	514.04
6.21422	514.04
6.21966	514.04
6.22524	514.04
6.23133	514.04
6.23578	514.04
6.24092	514.04
6.24781	514.04
6.25196	514.04
6.25649	514.04
6.26151	514.04
6.26493	514.04
6.27013	514.04
6.27619	514.04
6.28283	514.04
6.28742	514.04
6.29174	514.04
6.29729	514.04
6.3033	514.04
6.30708	514.04
6.31208	514.04
6.31627	514.04
6.31971	514.04
6.32334	514.04
6.32693	514.04
6.33173	514.04
6.33577	514.04
6.33916	514.04
6.34344	514.04
6.34709	514.04
6.3514	514.04
6.35552	514.04
6.35936	514.04
6.36406	514.04
6.36759	514.04
6.37168	514.04
6.37508	514.04
6.38002	514.04
6.38376	514.04
6.38781	514.04
6.39213	514.04
6.39639	514.04
6.40001	514.04
6.4039	514.04
6.40718	514.04
6.41097	514.04
6.41453	514.04
6.41961	514.04
6.42321	514.04
6.42748	514.04
6.43095	514.04
6.43493	514.04
6.43859	514.04
6.44276	514.04
6.44617	514.04
6.45033	514.04
6.45382	514.04
6.45719	514.04
6.46183	514.04
6.46864	514.04
6.47368	514.04
6.47806	514.04
6.4822	514.04
6.48924	514.04
6.49525	514.04
6.49907	514.04
6.50364	514.04
6.51058	514.04
6.51508	514.04
6.52296	514.04
6.52922	514.04
6.53331	514.04
6.53867	514.04
6.54245	514.04
6.54671	514.04
6.55041	514.04
6.55462	514.04
6.55906	514.04
6.56254	514.04
6.56683	514.04
6.57021	514.04
6.57423	514.04
6.57877	514.04
6.58216	514.04
6.58571	514.04
6.58991	514.04
6.59313	514.04
6.5968	514.04
6.60034	514.04
6.60376	514.04
6.60693	514.04
6.61116	514.04
6.61509	514.04
6.6197	514.04
6.62332	514.04
6.62781	514.04
6.63192	514.04
6.63616	514.04
6.63951	514.04
6.64633	514.04
6.6503	514.04
6.65465	514.04
6.65972	514.04
6.6655	514.04
6.67007	514.04
6.67407	514.04
6.67859	514.04
6.68359	514.04
6.68834	514.04
6.69311	514.04
6.69659	514.04
6.70178	514.04
6.70731	514.04
6.71157	514.04
6.71546	514.04
6.72053	514.04
6.72458	514.04
6.72903	514.04
6.7351	514.04
6.73912	514.04
6.7435	514.04
6.74753	514.04
6.75113	514.04
6.7556	514.04
6.75968	514.04
6.76361	514.04
6.76797	514.04
6.77197	514.04
6.77627	514.04
6.7806	514.04
6.78478	514.04
6.78973	514.04
6.79473	514.04
6.80229	514.04
6.80743	514.04
6.81175	514.04
6.81686	514.04
6.82052	514.04
6.82449	514.04
6.82856	514.04
6.83227	514.04
6.83594	514.04
6.83984	514.04
6.8434	514.04
6.84757	514.04
6.85152	514.04
6.85498	514.04
6.85954	514.04
6.86317	514.04
6.86745	514.04
6.87103	514.04
6.87606	514.04
6.87988	514.04
6.88619	514.04
6.89053	514.04
6.89422	514.04
6.89855	514.04
6.90211	514.04
6.90654	514.04
6.91196	514.04
6.92148	514.04
6.92668	514.04
6.93193	514.04
6.93654	514.04
6.94079	514.04
6.94457	514.04
6.94862	514.04
6.95334	514.04
6.95822	514.04
6.96303	514.04
6.96841	514.04
6.97307	514.04
6.97747	514.04
6.98099	514.04
6.98541	514.04
6.98919	514.04
6.99382	514.04
6.99918	514.04
7.00299	514.04
7.00719	514.04
7.01275	514.04
7.01917	514.04
7.02318	514.04
7.02801	514.04
7.03182	514.04
7.03658	514.04
7.04102	514.04
7.04546	514.04
7.05258	514.04
7.05894	514.04
7.06319	514.04
7.06802	514.04
7.07172	514.04
7.07611	514.04
7.08024	514.04
7.08417	514.04
7.08857	514.04
7.09235	514.04
7.09762	514.04
7.10275	514.04
7.10778	514.04
7.11308	514.04
7.11727	514.04
7.12247	514.04
7.12788	514.04
7.13385	514.04
7.13922	514.04
7.14368	514.04
7.14792	514.04
7.15173	514.04
7.15668	514.04
7.1613	514.04
7.16687	514.04
7.17172	514.04
7.17925	514.04
7.1843	514.04
7.18874	514.04
7.19552	514.04
7.20041	514.04
7.20467	514.04
7.20876	514.04
7.21334	514.04
7.21696	514.04
7.22139	514.04
7.22679	514.04
7.23233	514.04
7.23756	514.04
7.24136	514.04
7.24666	514.04
7.25212	514.04
7.25765	514.04
7.26196	514.04
7.26676	514.04
7.27154	514.04
7.27622	514.04
7.28054	514.04
7.28595	514.04
7.29061	514.04
7.29489	514.04
7.29973	514.04
7.30372	514.04
7.30806	514.04
7.31195	514.04
7.31658	514.04
7.32078	514.04
7.32596	514.04
7.33138	514.04
7.33542	514.04
7.34282	514.04
7.34869	514.04
7.35364	514.04
7.3587	514.04
7.36292	514.04
7.36792	514.04
7.3717	514.04
7.37598	514.04
7.38059	514.04
7.38565	514.04
7.38913	514.04
7.39408	514.04
7.39882	514.04
7.40469	514.04
7.41066	514.04
7.41547	514.04
7.41933	514.04
7.42655	514.04
7.43093	514.04
7.43542	514.04
7.44005	514.04
7.44551	514.04
7.45081	514.04
7.45661	514.04
7.46125	514.04
7.46497	514.04
7.46926	514.04
7.47465	514.04
7.48003	514.04
7.48435	514.04
7.48921	514.04
7.49448	514.04
7.4984	514.04
7.50397	514.04
7.51106	514.04
7.51639	514.04
7.52088	514.04
7.52726	514.04
7.53245	514.04
7.53696	514.04
7.54141	514.04
7.54554	514.04
7.55035	514.04
7.55496	514.04
7.55897	514.04
7.564	514.04
7.56801	514.04
7.57203	514.04
7.57604	514.04
7.58077	514.04
7.58527	514.04
7.59053	514.04
7.59503	514.04
7.59854	514.04
7.60269	514.04
7.60695	514.04
7.61135	514.04
7.61505	514.04
7.61978	514.04
7.62404	514.04
7.62798	514.04
7.63145	514.04
7.636	514.04
7.64077	514.04
7.64548	514.04
7.65029	514.04
7.65661	514.04
7.66332	514.04
7.66751	514.04
7.67162	514.04
7.67584	514.04
7.68028	514.04
7.68664	514.04
7.69395	514.04
7.69861	514.04
7.70402	514.04
7.70839	514.04
7.71321	514.04
7.71924	514.04
7.72383	514.04
7.7297	514.04
7.73575	514.04
7.74183	514.04
7.74561	514.04
7.74922	514.04
7.75246	514.04
7.75603	514.04
7.75932	514.04
7.76273	514.04
7.76668	514.04
7.77062	514.04
7.77532	514.04
7.78451	514.04
7.78966	514.04
7.79616	514.04
7.8003	514.04
7.80413	514.04
7.81028	514.04
7.81449	514.04
7.81844	514.04
7.82298	514.04
7.8269	514.04
7.83055	514.04
7.83839	514.04
7.84286	514.04
7.84722	514.04
7.85083	514.04
7.85503	514.04
7.85967	514.04
7.86339	514.04
7.86751	514.04
7.87171	514.04
7.87784	514.04
7.8835	514.04
7.88947	514.04
7.89446	514.04
7.89899	514.04
7.90322	514.04
7.90824	514.04
7.91188	514.04
7.9192	514.04
7.92624	514.04
7.93143	514.04
7.93542	514.04
7.93963	514.04
7.94369	514.04
7.9474	514.04
7.9512	514.04
7.95578	514.04
7.96	514.04
7.9637	514.04
7.96693	514.04
7.97102	514.04
7.97591	514.04
7.97962	514.04
7.98311	514.04
7.98738	514.04
7.99196	514.04
7.99614	514.04
7.9996	514.04
8.0035	514.04
8.0073	514.04
8.01158	514.04
8.01526	514.04
8.01987	514.04
8.02311	514.04
8.02714	514.04
8.03141	514.04
8.03545	514.04
8.03913	514.04
8.0432	514.04
8.0474	514.04
8.0532	514.04
8.05964	514.04
8.06356	514.04
8.06759	514.04
8.07355	514.04
8.07925	514.04
8.08358	514.04
8.08742	514.04
8.09237	514.04
8.09567	514.04
8.09974	514.04
8.10318	514.04
8.10707	514.04
8.11078	514.04
8.11479	514.04
8.11927	514.04
8.12351	514.04
8.1268	514.04
8.13064	514.04
8.13485	514.04
8.13963	514.04
8.14343	514.04
8.14741	514.04
8.15192	514.04
8.15623	514.04
8.16324	514.04
8.1696	514.04
8.17456	514.04
8.17973	514.04
8.18413	514.04
8.19138	514.04
8.1995	514.04
8.206	514.04
8.21088	514.04
8.21646	514.04
8.2205	514.04
8.22444	514.04
8.22791	514.04
8.23095	514.04
8.23496	514.04
8.23876	514.04
8.24478	514.04
8.24906	514.04
8.25408	514.04
8.25884	514.04
8.26399	514.04
8.26881	514.04
8.27289	514.04
8.27827	514.04
8.28337	514.04
8.2878	514.04
8.29491	514.04
8.29935	514.04
8.30338	514.04
8.30746	514.04
8.31146	514.04
8.31491	514.04
8.31837	514.04
8.32181	514.04
8.32565	514.04
8.3292	514.04
8.33332	514.04
8.33661	514.04
8.34001	514.04
8.34303	514.04
8.34672	514.04
8.35092	514.04
8.35528	514.04
8.35948	514.04
8.36353	514.04
8.36738	514.04
8.37212	514.04
8.37612	514.04
8.38074	514.04
8.3881	514.04
8.39425	514.04
8.40027	514.04
8.40513	514.04
8.41069	514.04
8.41494	514.04
8.41987	514.04
8.42356	514.04
8.42763	514.04
8.43158	514.04
8.43593	514.04
8.43993	514.04
8.44397	514.04
8.44748	514.04
8.45156	514.04
8.45492	514.04
8.45971	514.04
8.46576	514.04
8.4722	514.04
8.4768	514.04
8.48045	514.04
8.48431	514.04
8.48835	514.04
8.49267	514.04
8.49698	514.04
8.50131	514.04
8.50519	514.04
8.50923	514.04
8.51275	514.04
8.51675	514.04
8.51985	514.04
8.52528	514.04
8.53157	514.04
8.53545	514.04
8.53934	514.04
8.54342	514.04
8.5469	514.04
8.55074	514.04
8.5555	514.04
8.56952	514.04
8.57308	514.04
8.57829	514.04
8.58231	514.04
8.58594	514.04
8.5894	514.04
8.593	514.04
8.59743	514.04
8.60102	514.04
8.6053	514.04
8.60885	514.04
8.61262	514.04
8.61639	514.04
8.61982	514.04
8.6235	514.04
8.63033	514.04
8.63773	514.04
8.64565	514.04
8.65089	514.04
8.65719	514.04
8.66396	514.04
8.66844	514.04
8.67408	514.04
8.67825	514.04
8.68319	514.04
8.68789	514.04
8.69187	514.04
8.69726	514.04
8.7025	514.04
8.70629	514.04
8.70999	514.04
8.71422	514.04
8.71796	514.04
8.72163	514.04
8.72504	514.04
8.72873	514.04
8.73213	514.04
8.73556	514.04
8.73908	514.04
8.74309	514.04
8.74755	514.04
8.7511	514.04
8.75534	514.04
8.76048	514.04
8.76862	514.04
8.77665	514.04
8.78309	514.04
8.78707	514.04
8.79117	514.04
8.79568	514.04
8.801	514.04
8.80629	514.04
8.8113	514.04
8.81523	514.04
8.81954	514.04
8.82329	514.04
8.82845	514.04
8.83297	514.04
8.8377	514.04
8.84212	514.04
8.84577	514.04
8.84896	514.04
8.85244	514.04
8.85586	514.04
8.85949	514.04
8.86329	514.04
8.8674	514.04
8.87253	514.04
8.87688	514.04
8.88109	514.04
8.88451	514.04
8.88869	514.04
8.89237	514.04
8.89831	514.04
8.90535	514.04
8.91078	514.04
8.91539	514.04
8.91939	514.04
8.92375	514.04
8.93013	514.04
8.93423	514.04
8.93842	514.04
8.94279	514.04
8.94682	514.04
8.95041	514.04
8.95408	514.04
8.95796	514.04
8.96234	514.04
8.96691	514.04
8.97213	514.04
8.97571	514.04
8.97963	514.04
8.98381	514.04
8.98822	514.04
8.99338	514.04
9.00162	514.04
9.00782	514.04
9.01335	514.04
9.0169	514.04
9.02271	514.04
9.02832	514.04
9.03276	514.04
9.03705	514.04
9.04096	514.04
9.04483	514.04
9.04852	514.04
9.05198	514.04
9.05634	514.04
9.06052	514.04
9.06402	514.04
9.06778	514.04
9.0719	514.04
9.07664	514.04
9.08105	514.04
9.08507	514.04
9.08813	514.04
9.09185	514.04
9.09843	514.04
9.10448	514.04
9.10945	514.04
9.11442	514.04
9.11883	514.04
9.12277	514.04
9.12683	514.04
9.13089	514.04
9.13536	514.04
9.13912	514.04
9.14342	514.04
9.14733	514.04
9.1506	514.04
9.15901	514.04
9.16332	514.04
9.16731	514.04
9.17209	514.04
9.17643	514.04
9.18088	514.04
9.18532	514.04
9.18982	514.04
9.19335	514.04
9.19793	514.04
9.20205	514.04
9.20596	514.04
9.21054	514.04
9.21503	514.04
9.21968	514.04
9.22419	514.04
9.23212	514.04
9.23795	514.04
9.24224	514.04
9.24672	514.04
9.25069	514.04
9.25564	514.04
9.26209	514.04
9.26619	514.04
9.27324	514.04
9.27974	514.04
9.28416	514.04
9.28833	514.04
9.29184	514.04
9.29542	514.04
9.29958	514.04
9.30333	514.04
9.30752	514.04
9.31484	514.04
9.32071	514.04
9.32661	514.04
9.33177	514.04
9.33595	514.04
9.34324	514.04
9.34733	514.04
9.35134	514.04
9.35628	514.04
9.3597	514.04
9.36353	514.04
9.36764	514.04
9.37412	514.04
9.37793	514.04
9.38174	514.04
9.38664	514.04
9.39137	514.04
9.39559	514.04
9.3994	514.04
9.40306	514.04
9.40823	514.04
9.41176	514.04
9.41633	514.04
9.42003	514.04
9.42346	514.04
9.42698	514.04
9.43084	514.04
9.43429	514.04
9.43834	514.04
9.44291	514.04
9.44671	514.04
9.45064	514.04
9.45544	514.04
9.46261	514.04
9.46589	514.04
9.4697	514.04
9.47328	514.04
9.47752	514.04
9.48195	514.04
9.48491	514.04
9.48848	514.04
9.49347	514.04
9.49752	514.04
9.50073	514.04
9.50478	514.04
9.50922	514.04
9.51346	514.04
9.51834	514.04
9.52526	514.04
9.53113	514.04
9.53569	514.04
9.54021	514.04
9.54364	514.04
9.5508	514.04
9.5572	514.04
9.56308	514.04
9.56852	514.04
9.57447	514.04
9.58127	514.04
9.58556	514.04
9.59458	514.04
9.60068	514.04
9.60503	514.04
9.60865	514.04
9.61495	514.04
9.61917	514.04
9.62379	514.04
9.62806	514.04
9.63333	514.04
9.63826	514.04
9.6463	514.04
9.65193	514.04
9.65651	514.04
9.66066	514.04
9.66533	514.04
9.66964	514.04
9.67775	514.04
9.68417	514.04
9.6901	514.04
9.69515	514.04
9.70035	514.04
9.70434	514.04
9.70849	514.04
9.71239	514.04
9.71623	514.04
9.72013	514.04
9.72387	514.04
9.73029	514.04
9.73464	514.04
9.7387	514.04
9.74289	514.04
9.74763	514.04
9.7516	514.04
9.75514	514.04
9.75871	514.04
9.76208	514.04
9.76579	514.04
9.76936	514.04
9.7725	514.04
9.7758	514.04
9.7795	514.04
9.7828	514.04
9.7863	514.04
9.7899	514.04
9.79366	514.04
9.79697	514.04
9.80032	514.04
9.80396	514.04
9.80715	514.04
9.81034	514.04
9.81379	514.04
9.81726	514.04
9.82115	514.04
9.82505	514.04
9.82917	514.04
9.83465	514.04
9.83901	514.04
9.84335	514.04
9.84741	514.04
9.8514	514.04
9.85542	514.04
9.86066	514.04
9.86454	514.04
9.8698	514.04
9.87336	514.04
9.87706	514.04
9.88229	514.04
9.88675	514.04
9.89111	514.04
9.89841	514.04
9.90471	514.04
9.9101	514.04
9.91395	514.04
9.91702	514.04
9.92161	514.04
9.92632	514.04
9.93223	514.04
9.93674	514.04
9.94117	514.04
9.94574	514.04
9.95086	514.04
9.95461	514.04
9.95922	514.04
9.96372	514.04
9.96768	514.04
9.97259	514.04
9.97719	514.04
9.98185	514.04
9.98605	514.04
9.98901	514.04
9.99306	514.04
9.99804	514.04
