0	269.328
0.00345	269.328
0.00666	269.328
0.01059	269.328
0.01453	269.328
0.01798	269.328
0.0222	269.328
0.02568	269.328
0.02972	269.328
0.03367	269.328
0.03712	269.328
0.04118	269.328
0.04447	269.328
0.04841	269.328
0.05169	269.328
0.0562	269.328
0.06002	269.328
0.06513	269.328
0.06941	269.328
0.07322	269.328
0.0775	269.328
0.08119	269.328
0.08557	269.328
0.08937	269.328
0.09311	269.328
0.09669	269.328
0.1009	269.328
0.10474	269.328
0.10963	269.328
0.114	269.328
0.11737	269.328
0.12058	269.328
0.12445	269.328
0.12966	269.328
0.13278	269.328
0.13862	269.328
0.14357	269.328
0.14685	269.328
0.15025	269.328
0.15479	269.328
0.15809	269.328
0.16152	269.328
0.16735	269.328
0.17317	269.328
0.17905	269.328
0.18392	269.328
0.18798	269.328
0.19312	269.328
0.1966	269.328
0.19988	269.328
0.20384	269.328
0.20841	269.328
0.21319	269.328
0.21796	269.328
0.22151	269.328
0.22615	269.328
0.23171	269.328
0.23598	269.328
0.23957	269.328
0.24333	269.328
0.24796	269.328
0.25138	269.328
0.25451	269.328
0.25899	269.328
0.26202	269.328
0.26586	269.328
0.26943	269.328
0.27288	269.328
0.27753	269.328
0.2819	269.328
0.28537	269.328
0.28927	269.328
0.29301	269.328
0.2974	269.328
0.30183	269.328
0.30542	269.328
0.30875	269.328
0.31223	269.328
0.31622	269.328
0.32071	269.328
0.32512	269.328
0.32856	269.328
0.33249	269.328
0.33662	269.328
0.33996	269.328
0.34391	269.328
0.34747	269.328
0.35079	269.328
0.35472	269.328
0.35865	269.328
0.36195	269.328
0.36605	269.328
0.37265	269.328
0.37677	269.328
0.38175	269.328
0.38575	269.328
0.39004	269.328
0.39406	269.328
0.40163	269.328
0.40806	269.328
0.41261	269.328
0.41728	269.328
0.4213	269.328
0.42588	269.328
0.43211	269.328
0.43735	269.328
0.44236	269.328
0.44699	269.328
0.45087	269.328
0.45513	269.328
0.46	269.328
0.46767	269.328
0.47437	269.328
0.47842	269.328
0.48285	269.328
0.48666	269.328
0.49067	269.328
0.49384	269.328
0.4976	269.328
0.50089	269.328
0.5057	269.328
0.50915	269.328
0.51369	269.328
0.51986	269.328
0.52631	269.328
0.53443	269.328
0.53968	269.328
0.54442	269.328
0.54828	269.328
0.55218	269.328
0.55583	269.328
0.56099	269.328
0.56488	269.328
0.57337	269.328
0.57752	269.328
0.58976	269.328
0.59363	269.328
0.59727	269.328
0.601	269.328
0.60456	269.328
0.60836	269.328
0.61173	269.328
0.61548	269.328
0.61839	269.328
0.62796	269.328
0.63585	269.328
0.64102	269.328
0.64595	269.328
0.64978	269.328
0.65497	269.328
0.65933	269.328
0.66368	269.328
0.67311	269.328
0.67789	269.328
0.68156	269.328
0.68582	269.328
0.69053	269.328
0.6973	269.328
0.70277	269.328
0.70808	269.328
0.71262	269.328
0.71684	269.328
0.72046	269.328
0.72433	269.328
0.7285	269.328
0.73275	269.328
0.73646	269.328
0.7404	269.328
0.74492	269.328
0.74843	269.328
0.75278	269.328
0.75665	269.328
0.76012	269.328
0.76427	269.328
0.76899	269.328
0.77464	269.328
0.7783	269.328
0.7826	269.328
0.78623	269.328
0.79017	269.328
0.79445	269.328
0.79789	269.328
0.80243	269.328
0.8065	269.328
0.80965	269.328
0.81299	269.328
0.81715	269.328
0.82098	269.328
0.8246	269.328
0.82838	269.328
0.83273	269.328
0.83659	269.328
0.84438	269.328
0.84934	269.328
0.85624	269.328
0.86136	269.328
0.86612	269.328
0.87303	269.328
0.87975	269.328
0.88344	269.328
0.88766	269.328
0.89208	269.328
0.89609	269.328
0.90037	269.328
0.90393	269.328
0.90945	269.328
0.91417	269.328
0.92102	269.328
0.92698	269.328
0.93233	269.328
0.93785	269.328
0.9421	269.328
0.94626	269.328
0.95074	269.328
0.95475	269.328
0.95934	269.328
0.96281	269.328
0.96739	269.328
0.97088	269.328
0.9755	269.328
0.98081	269.328
0.98439	269.328
0.98855	269.328
0.99292	269.328
0.99785	269.328
1.00496	269.328
1.01117	269.328
1.01595	269.328
1.02098	269.328
1.02509	269.328
1.02928	269.328
1.0329	269.328
1.037	269.328
1.04083	269.328
1.04502	269.328
1.04858	269.328
1.05283	269.328
1.05705	269.328
1.06087	269.328
1.06487	269.328
1.06938	269.328
1.07457	269.328
1.07967	269.328
1.08351	269.328
1.08794	269.328
1.09145	269.328
1.09562	269.328
1.09999	269.328
1.10388	269.328
1.10752	269.328
1.11191	269.328
1.11551	269.328
1.11998	269.328
1.12353	269.328
1.12659	269.328
1.1315	269.328
1.13513	269.328
1.14051	269.328
1.14387	269.328
1.14791	269.328
1.15148	269.328
1.15595	269.328
1.16162	269.328
1.16952	269.328
1.1751	269.328
1.18017	269.328
1.1846	269.328
1.18806	269.328
1.19251	269.328
1.1968	269.328
1.20113	269.328
1.2058	269.328
1.2111	269.328
1.21526	269.328
1.21899	269.328
1.22308	269.328
1.22722	269.328
1.23142	269.328
1.23577	269.328
1.24016	269.328
1.24457	269.328
1.24903	269.328
1.25393	269.328
1.25777	269.328
1.26242	269.328
1.26608	269.328
1.26938	269.328
1.27347	269.328
1.27716	269.328
1.28121	269.328
1.28501	269.328
1.28952	269.328
1.29305	269.328
1.29639	269.328
1.30034	269.328
1.3044	269.328
1.30885	269.328
1.31254	269.328
1.31643	269.328
1.3209	269.328
1.32513	269.328
1.32892	269.328
1.33311	269.328
1.33687	269.328
1.34102	269.328
1.34465	269.328
1.34836	269.328
1.35244	269.328
1.35726	269.328
1.3615	269.328
1.36715	269.328
1.37291	269.328
1.37718	269.328
1.38135	269.328
1.38501	269.328
1.38862	269.328
1.39653	269.328
1.40435	269.328
1.40905	269.328
1.41319	269.328
1.41709	269.328
1.42096	269.328
1.42554	269.328
1.4303	269.328
1.43717	269.328
1.4438	269.328
1.4488	269.328
1.45332	269.328
1.45735	269.328
1.46062	269.328
1.46481	269.328
1.46823	269.328
1.47194	269.328
1.476	269.328
1.48067	269.328
1.48504	269.328
1.48886	269.328
1.49333	269.328
1.49939	269.328
1.50546	269.328
1.51035	269.328
1.51488	269.328
1.51886	269.328
1.52331	269.328
1.5267	269.328
1.52992	269.328
1.53405	269.328
1.53931	269.328
1.54432	269.328
1.5505	269.328
1.55503	269.328
1.55991	269.328
1.56426	269.328
1.56827	269.328
1.57225	269.328
1.57606	269.328
1.58214	269.328
1.58726	269.328
1.59183	269.328
1.59686	269.328
1.60148	269.328
1.60665	269.328
1.61152	269.328
1.6161	269.328
1.62062	269.328
1.62541	269.328
1.62936	269.328
1.63308	269.328
1.63723	269.328
1.64153	269.328
1.64562	269.328
1.65018	269.328
1.65582	269.328
1.66033	269.328
1.66508	269.328
1.66938	269.328
1.67356	269.328
1.67695	269.328
1.68048	269.328
1.68393	269.328
1.68804	269.328
1.69132	269.328
1.69516	269.328
1.69843	269.328
1.70253	269.328
1.70647	269.328
1.7106	269.328
1.71381	269.328
1.71731	269.328
1.72136	269.328
1.72529	269.328
1.72853	269.328
1.73286	269.328
1.73615	269.328
1.74039	269.328
1.74449	269.328
1.75126	269.328
1.75692	269.328
1.76141	269.328
1.76541	269.328
1.77013	269.328
1.77607	269.328
1.77938	269.328
1.7826	269.328
1.78612	269.328
1.79037	269.328
1.79353	269.328
1.79692	269.328
1.80075	269.328
1.80907	269.328
1.81341	269.328
1.81658	269.328
1.82025	269.328
1.82442	269.328
1.83228	269.328
1.8385	269.328
1.84348	269.328
1.84765	269.328
1.85138	269.328
1.85574	269.328
1.8611	269.328
1.86448	269.328
1.86893	269.328
1.87348	269.328
1.87944	269.328
1.88689	269.328
1.89204	269.328
1.89668	269.328
1.89993	269.328
1.90426	269.328
1.9091	269.328
1.91258	269.328
1.91657	269.328
1.92025	269.328
1.92504	269.328
1.92883	269.328
1.93326	269.328
1.93756	269.328
1.94074	269.328
1.94531	269.328
1.94952	269.328
1.95323	269.328
1.957	269.328
1.96047	269.328
1.96429	269.328
1.9691	269.328
1.97279	269.328
1.97696	269.328
1.98081	269.328
1.98527	269.328
1.98932	269.328
1.9929	269.328
1.99695	269.328
2.00032	269.328
2.0045	269.328
2.00851	269.328
2.01239	269.328
2.01581	269.328
2.02022	269.328
2.0241	269.328
2.02748	269.328
2.03199	269.328
2.03609	269.328
2.03967	269.328
2.04475	269.328
2.04925	269.328
2.05325	269.328
2.0568	269.328
2.06095	269.328
2.0644	269.328
2.06867	269.328
2.07241	269.328
2.07728	269.328
2.08116	269.328
2.08506	269.328
2.08892	269.328
2.09294	269.328
2.09677	269.328
2.10019	269.328
2.10435	269.328
2.10894	269.328
2.11402	269.328
2.11901	269.328
2.12238	269.328
2.127	269.328
2.13041	269.328
2.13522	269.328
2.14038	269.328
2.14458	269.328
2.14907	269.328
2.15309	269.328
2.15723	269.328
2.16369	269.328
2.17003	269.328
2.17482	269.328
2.18061	269.328
2.18558	269.328
2.18944	269.328
2.19278	269.328
2.19621	269.328
2.20281	269.328
2.20981	269.328
2.21372	269.328
2.218	269.328
2.22247	269.328
2.22667	269.328
2.22992	269.328
2.23332	269.328
2.23741	269.328
2.24165	269.328
2.24577	269.328
2.24952	269.328
2.25355	269.328
2.25665	269.328
2.26074	269.328
2.26525	269.328
2.27281	269.328
2.27903	269.328
2.28363	269.328
2.28798	269.328
2.29159	269.328
2.29631	269.328
2.30129	269.328
2.30501	269.328
2.3084	269.328
2.31219	269.328
2.31663	269.328
2.321	269.328
2.32453	269.328
2.32871	269.328
2.33291	269.328
2.33655	269.328
2.34052	269.328
2.34433	269.328
2.3487	269.328
2.35473	269.328
2.36111	269.328
2.36518	269.328
2.3695	269.328
2.37295	269.328
2.3768	269.328
2.38021	269.328
2.38424	269.328
2.3881	269.328
2.39201	269.328
2.39649	269.328
2.40041	269.328
2.4041	269.328
2.40912	269.328
2.41598	269.328
2.42321	269.328
2.42943	269.328
2.4333	269.328
2.4374	269.328
2.44074	269.328
2.4446	269.328
2.44817	269.328
2.45233	269.328
2.45653	269.328
2.46088	269.328
2.46456	269.328
2.46853	269.328
2.47308	269.328
2.47682	269.328
2.48125	269.328
2.48492	269.328
2.48912	269.328
2.49242	269.328
2.49617	269.328
2.50028	269.328
2.50466	269.328
2.50844	269.328
2.51365	269.328
2.51939	269.328
2.52527	269.328
2.53073	269.328
2.53515	269.328
2.54191	269.328
2.54655	269.328
2.55145	269.328
2.55587	269.328
2.56161	269.328
2.56867	269.328
2.57209	269.328
2.5773	269.328
2.58442	269.328
2.59126	269.328
2.6013	269.328
2.60847	269.328
2.61464	269.328
2.6198	269.328
2.62468	269.328
2.6293	269.328
2.636	269.328
2.64092	269.328
2.64588	269.328
2.65238	269.328
2.65796	269.328
2.66154	269.328
2.66733	269.328
2.67425	269.328
2.67981	269.328
2.68461	269.328
2.69052	269.328
2.69525	269.328
2.7019	269.328
2.70871	269.328
2.71325	269.328
2.71777	269.328
2.72183	269.328
2.72864	269.328
2.73393	269.328
2.73945	269.328
2.74443	269.328
2.74959	269.328
2.75314	269.328
2.75845	269.328
2.76405	269.328
2.7686	269.328
2.77255	269.328
2.77791	269.328
2.78369	269.328
2.7907	269.328
2.79561	269.328
2.79995	269.328
2.8056	269.328
2.81276	269.328
2.82035	269.328
2.82528	269.328
2.8296	269.328
2.83591	269.328
2.8409	269.328
2.846	269.328
2.85239	269.328
2.85709	269.328
2.86105	269.328
2.86475	269.328
2.87099	269.328
2.87564	269.328
2.88084	269.328
2.88601	269.328
2.88948	269.328
2.89409	269.328
2.8992	269.328
2.90258	269.328
2.91006	269.328
2.9155	269.328
2.92042	269.328
2.92468	269.328
2.93228	269.328
2.9384	269.328
2.94542	269.328
2.95366	269.328
2.95867	269.328
2.9638	269.328
2.96941	269.328
2.97285	269.328
2.97817	269.328
2.98135	269.328
2.98622	269.328
2.9913	269.328
2.99652	269.328
3.00227	269.328
3.00761	269.328
3.01442	269.328
3.01926	269.328
3.02383	269.328
3.03331	269.328
3.03806	269.328
3.04595	269.328
3.05247	269.328
3.05705	269.328
3.06049	269.328
3.06425	269.328
3.06898	269.328
3.07459	269.328
3.08258	269.328
3.08784	269.328
3.0927	269.328
3.09669	269.328
3.10134	269.328
3.10757	269.328
3.11211	269.328
3.11683	269.328
3.12042	269.328
3.12791	269.328
3.13247	269.328
3.13699	269.328
3.14367	269.328
3.15079	269.328
3.15754	269.328
3.16204	269.328
3.16756	269.328
3.1746	269.328
3.18046	269.328
3.18495	269.328
3.19009	269.328
3.19545	269.328
3.20029	269.328
3.20502	269.328
3.21182	269.328
3.2179	269.328
3.22149	269.328
3.22804	269.328
3.23207	269.328
3.23671	269.328
3.24153	269.328
3.24824	269.328
3.25239	269.328
3.25715	269.328
3.26136	269.328
3.26592	269.328
3.2696	269.328
3.27531	269.328
3.28027	269.328
3.28498	269.328
3.28862	269.328
3.29397	269.328
3.29859	269.328
3.30327	269.328
3.30897	269.328
3.31443	269.328
3.3198	269.328
3.32412	269.328
3.32939	269.328
3.33326	269.328
3.33742	269.328
3.34422	269.328
3.34808	269.328
3.35222	269.328
3.35605	269.328
3.35964	269.328
3.3641	269.328
3.36913	269.328
3.37339	269.328
3.37746	269.328
3.38226	269.328
3.38695	269.328
3.39226	269.328
3.39699	269.328
3.40153	269.328
3.40626	269.328
3.41098	269.328
3.41587	269.328
3.42072	269.328
3.42439	269.328
3.42965	269.328
3.4358	269.328
3.44211	269.328
3.44765	269.328
3.452	269.328
3.45659	269.328
3.46091	269.328
3.46771	269.328
3.47165	269.328
3.4769	269.328
3.48177	269.328
3.48537	269.328
3.48997	269.328
3.4936	269.328
3.49962	269.328
3.50424	269.328
3.50888	269.328
3.51311	269.328
3.51826	269.328
3.52331	269.328
3.5278	269.328
3.53251	269.328
3.54035	269.328
3.5484	269.328
3.55353	269.328
3.55871	269.328
3.56471	269.328
3.5683	269.328
3.57334	269.328
3.57664	269.328
3.58173	269.328
3.58504	269.328
3.59012	269.328
3.59445	269.328
3.59894	269.328
3.60824	269.328
3.61713	269.328
3.6236	269.328
3.62997	269.328
3.6335	269.328
3.64023	269.328
3.64573	269.328
3.6502	269.328
3.65446	269.328
3.65853	269.328
3.66265	269.328
3.66579	269.328
3.67164	269.328
3.67466	269.328
3.67949	269.328
3.68367	269.328
3.68743	269.328
3.69227	269.328
3.6955	269.328
3.69847	269.328
3.70237	269.328
3.70675	269.328
3.71193	269.328
3.7168	269.328
3.72072	269.328
3.72474	269.328
3.729	269.328
3.73399	269.328
3.73711	269.328
3.74026	269.328
3.74482	269.328
3.74955	269.328
3.75633	269.328
3.76103	269.328
3.76591	269.328
3.76924	269.328
3.77461	269.328
3.77937	269.328
3.78249	269.328
3.78659	269.328
3.79031	269.328
3.79445	269.328
3.79884	269.328
3.8032	269.328
3.80824	269.328
3.81246	269.328
3.81725	269.328
3.82373	269.328
3.82879	269.328
3.83263	269.328
3.83692	269.328
3.84095	269.328
3.84566	269.328
3.85059	269.328
3.85488	269.328
3.85954	269.328
3.86389	269.328
3.86827	269.328
3.87259	269.328
3.87757	269.328
3.88238	269.328
3.88776	269.328
3.89376	269.328
3.89939	269.328
3.90425	269.328
3.91101	269.328
3.91616	269.328
3.92021	269.328
3.92518	269.328
3.92898	269.328
3.93354	269.328
3.9371	269.328
3.9409	269.328
3.94807	269.328
3.95211	269.328
3.95728	269.328
3.9624	269.328
3.96651	269.328
3.96978	269.328
3.97548	269.328
3.9785	269.328
3.98266	269.328
3.98689	269.328
3.99157	269.328
3.99543	269.328
4.00097	269.328
4.00511	269.328
4.00928	269.328
4.01284	269.328
4.01681	269.328
4.024	269.328
4.02917	269.328
4.03308	269.328
4.03718	269.328
4.04269	269.328
4.04783	269.328
4.05205	269.328
4.0559	269.328
4.06384	269.328
4.07295	269.328
4.07739	269.328
4.08116	269.328
4.08535	269.328
4.0905	269.328
4.09509	269.328
4.10016	269.328
4.10596	269.328
4.11261	269.328
4.11698	269.328
4.12166	269.328
4.12577	269.328
4.12993	269.328
4.13395	269.328
4.13821	269.328
4.14312	269.328
4.14703	269.328
4.15173	269.328
4.15582	269.328
4.16232	269.328
4.16707	269.328
4.17173	269.328
4.17617	269.328
4.18141	269.328
4.18596	269.328
4.19114	269.328
4.19465	269.328
4.19897	269.328
4.20389	269.328
4.20743	269.328
4.21145	269.328
4.21626	269.328
4.22022	269.328
4.22419	269.328
4.22808	269.328
4.23192	269.328
4.23598	269.328
4.24115	269.328
4.24786	269.328
4.25158	269.328
4.2555	269.328
4.25932	269.328
4.26262	269.328
4.26771	269.328
4.27255	269.328
4.27681	269.328
4.28146	269.328
4.28797	269.328
4.29248	269.328
4.29632	269.328
4.30153	269.328
4.30519	269.328
4.30984	269.328
4.31355	269.328
4.31677	269.328
4.32055	269.328
4.32515	269.328
4.3294	269.328
4.33381	269.328
4.34021	269.328
4.34417	269.328
4.34737	269.328
4.35029	269.328
4.35446	269.328
4.35779	269.328
4.36388	269.328
4.3678	269.328
4.37323	269.328
4.37813	269.328
4.38399	269.328
4.38991	269.328
4.39587	269.328
4.40182	269.328
4.40845	269.328
4.4141	269.328
4.41749	269.328
4.42141	269.328
4.42698	269.328
4.43151	269.328
4.43526	269.328
4.43996	269.328
4.44409	269.328
4.44897	269.328
4.45291	269.328
4.4573	269.328
4.46068	269.328
4.46454	269.328
4.46904	269.328
4.47357	269.328
4.47755	269.328
4.48373	269.328
4.4885	269.328
4.49232	269.328
4.49584	269.328
4.49892	269.328
4.5023	269.328
4.50649	269.328
4.51029	269.328
4.51461	269.328
4.52083	269.328
4.52631	269.328
4.53081	269.328
4.53391	269.328
4.54032	269.328
4.54514	269.328
4.54873	269.328
4.55216	269.328
4.55652	269.328
4.55976	269.328
4.56345	269.328
4.5683	269.328
4.57285	269.328
4.57679	269.328
4.58053	269.328
4.5838	269.328
4.58671	269.328
4.59087	269.328
4.59388	269.328
4.60005	269.328
4.60398	269.328
4.60791	269.328
4.61169	269.328
4.61496	269.328
4.61987	269.328
4.62395	269.328
4.62774	269.328
4.63254	269.328
4.63661	269.328
4.64031	269.328
4.64527	269.328
4.64925	269.328
4.65281	269.328
4.65824	269.328
4.66469	269.328
4.66853	269.328
4.67292	269.328
4.67711	269.328
4.68115	269.328
4.68484	269.328
4.68897	269.328
4.69301	269.328
4.69708	269.328
4.7042	269.328
4.70936	269.328
4.71394	269.328
4.71922	269.328
4.72243	269.328
4.72644	269.328
4.73315	269.328
4.73859	269.328
4.74292	269.328
4.74624	269.328
4.75091	269.328
4.75626	269.328
4.75965	269.328
4.76375	269.328
4.76791	269.328
4.77216	269.328
4.77652	269.328
4.78036	269.328
4.78485	269.328
4.78907	269.328
4.79376	269.328
4.79696	269.328
4.80043	269.328
4.80427	269.328
4.80827	269.328
4.8141	269.328
4.81916	269.328
4.82368	269.328
4.82843	269.328
4.83248	269.328
4.8361	269.328
4.83934	269.328
4.84431	269.328
4.84805	269.328
4.85196	269.328
4.85643	269.328
4.86071	269.328
4.8646	269.328
4.87008	269.328
4.87719	269.328
4.88225	269.328
4.88739	269.328
4.89129	269.328
4.89616	269.328
4.90036	269.328
4.90403	269.328
4.90763	269.328
4.91474	269.328
4.92061	269.328
4.9247	269.328
4.92833	269.328
4.93232	269.328
4.9362	269.328
4.94116	269.328
4.94632	269.328
4.95047	269.328
4.95396	269.328
4.9608	269.328
4.96526	269.328
4.97111	269.328
4.97599	269.328
4.98145	269.328
4.98767	269.328
4.99302	269.328
4.99734	269.328
5.00055	269.328
5.00606	269.328
5.00925	269.328
5.01377	269.328
5.02004	269.328
5.02818	269.328
5.03396	269.328
5.04031	269.328
5.04492	269.328
5.04913	269.328
5.05391	269.328
5.05804	269.328
5.0624	269.328
5.06621	269.328
5.07202	269.328
5.0753	269.328
5.07935	269.328
5.08443	269.328
5.0882	269.328
5.09221	269.328
5.09666	269.328
5.1014	269.328
5.10835	269.328
5.11381	269.328
5.11804	269.328
5.12402	269.328
5.12892	269.328
5.13287	269.328
5.13598	269.328
5.13969	269.328
5.14567	269.328
5.14912	269.328
5.15346	269.328
5.15746	269.328
5.16112	269.328
5.16486	269.328
5.1694	269.328
5.17335	269.328
5.17712	269.328
5.18223	269.328
5.18585	269.328
5.19259	269.328
5.2003	269.328
5.20667	269.328
5.21245	269.328
5.21856	269.328
5.22641	269.328
5.2327	269.328
5.23781	269.328
5.24167	269.328
5.2474	269.328
5.25204	269.328
5.25592	269.328
5.26116	269.328
5.2702	269.328
5.27629	269.328
5.28884	269.328
5.29409	269.328
5.29737	269.328
5.30073	269.328
5.30435	269.328
5.31178	269.328
5.31539	269.328
5.31871	269.328
5.3237	269.328
5.32662	269.328
5.33139	269.328
5.33442	269.328
5.33886	269.328
5.34416	269.328
5.34993	269.328
5.35521	269.328
5.36028	269.328
5.36652	269.328
5.37158	269.328
5.37532	269.328
5.37994	269.328
5.38425	269.328
5.38828	269.328
5.39363	269.328
5.39982	269.328
5.40665	269.328
5.41243	269.328
5.41697	269.328
5.42141	269.328
5.42764	269.328
5.43211	269.328
5.43645	269.328
5.44089	269.328
5.44518	269.328
5.44889	269.328
5.4533	269.328
5.45984	269.328
5.46396	269.328
5.4678	269.328
5.47304	269.328
5.47764	269.328
5.48086	269.328
5.48462	269.328
5.48802	269.328
5.49394	269.328
5.50001	269.328
5.50367	269.328
5.50974	269.328
5.51505	269.328
5.51898	269.328
5.52271	269.328
5.52699	269.328
5.53207	269.328
5.53641	269.328
5.54024	269.328
5.54665	269.328
5.55115	269.328
5.55589	269.328
5.55977	269.328
5.56369	269.328
5.56844	269.328
5.57229	269.328
5.57672	269.328
5.58166	269.328
5.58789	269.328
5.59186	269.328
5.59575	269.328
5.60104	269.328
5.60625	269.328
5.61138	269.328
5.61447	269.328
5.61872	269.328
5.62371	269.328
5.62749	269.328
5.63134	269.328
5.63536	269.328
5.64042	269.328
5.64429	269.328
5.65133	269.328
5.6581	269.328
5.66366	269.328
5.66807	269.328
5.67206	269.328
5.67683	269.328
5.68267	269.328
5.68731	269.328
5.69137	269.328
5.69679	269.328
5.70102	269.328
5.70538	269.328
5.7123	269.328
5.71725	269.328
5.72176	269.328
5.72587	269.328
5.72895	269.328
5.733	269.328
5.73623	269.328
5.74098	269.328
5.7479	269.328
5.75188	269.328
5.75831	269.328
5.76269	269.328
5.76599	269.328
5.76915	269.328
5.77271	269.328
5.77701	269.328
5.78087	269.328
5.78485	269.328
5.78882	269.328
5.79259	269.328
5.79636	269.328
5.801	269.328
5.80581	269.328
5.81046	269.328
5.8145	269.328
5.81965	269.328
5.82408	269.328
5.83164	269.328
5.83907	269.328
5.84642	269.328
5.85429	269.328
5.86055	269.328
5.86814	269.328
5.87298	269.328
5.87655	269.328
5.88087	269.328
5.8839	269.328
5.88829	269.328
5.89198	269.328
5.89616	269.328
5.89932	269.328
5.90306	269.328
5.90887	269.328
5.91203	269.328
5.91818	269.328
5.92236	269.328
5.92671	269.328
5.93101	269.328
5.93393	269.328
5.93783	269.328
5.94404	269.328
5.94817	269.328
5.95251	269.328
5.95624	269.328
5.95954	269.328
5.96259	269.328
5.96665	269.328
5.97071	269.328
5.97475	269.328
5.97872	269.328
5.98368	269.328
5.98811	269.328
5.99209	269.328
5.99596	269.328
6.00174	269.328
6.00808	269.328
6.01232	269.328
6.01621	269.328
6.02085	269.328
6.02657	269.328
6.03077	269.328
6.03647	269.328
6.04066	269.328
6.04488	269.328
6.04934	269.328
6.05369	269.328
6.05742	269.328
6.06111	269.328
6.06428	269.328
6.06861	269.328
6.07289	269.328
6.07874	269.328
6.08267	269.328
6.08815	269.328
6.09235	269.328
6.09651	269.328
6.10121	269.328
6.10805	269.328
6.11224	269.328
6.11636	269.328
6.11999	269.328
6.12422	269.328
6.12814	269.328
6.13289	269.328
6.136	269.328
6.1401	269.328
6.144	269.328
6.1491	269.328
6.1567	269.328
6.16054	269.328
6.1649	269.328
6.17169	269.328
6.17565	269.328
6.18093	269.328
6.18568	269.328
6.18973	269.328
6.19319	269.328
6.19693	269.328
6.20191	269.328
6.20708	269.328
6.21511	269.328
6.2216	269.328
6.22584	269.328
6.22982	269.328
6.23318	269.328
6.23691	269.328
6.24226	269.328
6.2476	269.328
6.25299	269.328
6.25652	269.328
6.26035	269.328
6.26443	269.328
6.26811	269.328
6.27262	269.328
6.277	269.328
6.2816	269.328
6.28532	269.328
6.28897	269.328
6.29421	269.328
6.29799	269.328
6.3032	269.328
6.30681	269.328
6.31191	269.328
6.31587	269.328
6.31973	269.328
6.32261	269.328
6.32694	269.328
6.33051	269.328
6.33469	269.328
6.33793	269.328
6.34424	269.328
6.34823	269.328
6.35204	269.328
6.35607	269.328
6.36048	269.328
6.36656	269.328
6.37122	269.328
6.37589	269.328
6.381	269.328
6.38521	269.328
6.39001	269.328
6.39605	269.328
6.40114	269.328
6.40602	269.328
6.40943	269.328
6.41318	269.328
6.42031	269.328
6.42885	269.328
6.43391	269.328
6.4408	269.328
6.44743	269.328
6.45345	269.328
6.4566	269.328
6.46167	269.328
6.46601	269.328
6.46938	269.328
6.47243	269.328
6.47652	269.328
6.47997	269.328
6.48438	269.328
6.48809	269.328
6.49347	269.328
6.49683	269.328
6.50176	269.328
6.50528	269.328
6.51008	269.328
6.51776	269.328
6.52618	269.328
6.53208	269.328
6.53723	269.328
6.54438	269.328
6.54976	269.328
6.56272	269.328
6.57119	269.328
6.57724	269.328
6.5839	269.328
6.58821	269.328
6.59312	269.328
6.59858	269.328
6.60433	269.328
6.60894	269.328
6.61321	269.328
6.61674	269.328
6.62113	269.328
6.6249	269.328
6.62851	269.328
6.63283	269.328
6.63715	269.328
6.64156	269.328
6.64572	269.328
6.64872	269.328
6.65291	269.328
6.65711	269.328
6.6622	269.328
6.66598	269.328
6.66945	269.328
6.67246	269.328
6.67657	269.328
6.68024	269.328
6.68415	269.328
6.68978	269.328
6.69331	269.328
6.69984	269.328
6.70382	269.328
6.70814	269.328
6.71696	269.328
6.72115	269.328
6.72454	269.328
6.72832	269.328
6.73173	269.328
6.73626	269.328
6.74172	269.328
6.74823	269.328
6.75243	269.328
6.76074	269.328
6.76665	269.328
6.77232	269.328
6.77703	269.328
6.78072	269.328
6.78517	269.328
6.79236	269.328
6.80093	269.328
6.80907	269.328
6.81556	269.328
6.82033	269.328
6.82437	269.328
6.82818	269.328
6.83144	269.328
6.83591	269.328
6.84293	269.328
6.84784	269.328
6.8525	269.328
6.85698	269.328
6.86083	269.328
6.86514	269.328
6.86868	269.328
6.87381	269.328
6.88315	269.328
6.88912	269.328
6.89563	269.328
6.90162	269.328
6.90564	269.328
6.90902	269.328
6.91303	269.328
6.91694	269.328
6.92159	269.328
6.925	269.328
6.93176	269.328
6.93631	269.328
6.94074	269.328
6.94483	269.328
6.9493	269.328
6.95241	269.328
6.95661	269.328
6.96269	269.328
6.96962	269.328
6.97698	269.328
6.98199	269.328
6.9876	269.328
6.99252	269.328
6.99649	269.328
7.00285	269.328
7.008	269.328
7.01195	269.328
7.01538	269.328
7.01948	269.328
7.02334	269.328
7.0263	269.328
7.03028	269.328
7.03377	269.328
7.03737	269.328
7.04128	269.328
7.04525	269.328
7.04924	269.328
7.05603	269.328
7.0599	269.328
7.06383	269.328
7.06759	269.328
7.07308	269.328
7.07752	269.328
7.08101	269.328
7.08506	269.328
7.08952	269.328
7.09322	269.328
7.09627	269.328
7.10322	269.328
7.10869	269.328
7.11293	269.328
7.11763	269.328
7.12348	269.328
7.12742	269.328
7.13141	269.328
7.1345	269.328
7.13866	269.328
7.14293	269.328
7.14839	269.328
7.1527	269.328
7.15658	269.328
7.16046	269.328
7.16807	269.328
7.17231	269.328
7.17692	269.328
7.18453	269.328
7.18892	269.328
7.19448	269.328
7.19824	269.328
7.20293	269.328
7.20597	269.328
7.21233	269.328
7.21708	269.328
7.22075	269.328
7.22592	269.328
7.22934	269.328
7.23334	269.328
7.23704	269.328
7.24126	269.328
7.24499	269.328
7.24924	269.328
7.25292	269.328
7.25806	269.328
7.26245	269.328
7.26726	269.328
7.27068	269.328
7.275	269.328
7.28038	269.328
7.28525	269.328
7.28905	269.328
7.29305	269.328
7.29734	269.328
7.30176	269.328
7.30523	269.328
7.30828	269.328
7.31263	269.328
7.31628	269.328
7.32108	269.328
7.3282	269.328
7.33297	269.328
7.33752	269.328
7.3411	269.328
7.34536	269.328
7.35186	269.328
7.35614	269.328
7.36112	269.328
7.36547	269.328
7.36939	269.328
7.3733	269.328
7.37966	269.328
7.38469	269.328
7.38817	269.328
7.39263	269.328
7.39633	269.328
7.40041	269.328
7.4041	269.328
7.40921	269.328
7.41469	269.328
7.41902	269.328
7.42358	269.328
7.42923	269.328
7.43344	269.328
7.43705	269.328
7.4412	269.328
7.44475	269.328
7.45081	269.328
7.45595	269.328
7.46014	269.328
7.46411	269.328
7.46789	269.328
7.47194	269.328
7.47611	269.328
7.48049	269.328
7.4843	269.328
7.49056	269.328
7.49463	269.328
7.49976	269.328
7.5068	269.328
7.51029	269.328
7.51506	269.328
7.52098	269.328
7.52485	269.328
7.52917	269.328
7.53314	269.328
7.53725	269.328
7.54111	269.328
7.54567	269.328
7.54975	269.328
7.55333	269.328
7.55792	269.328
7.56125	269.328
7.56796	269.328
7.57241	269.328
7.5774	269.328
7.58181	269.328
7.58842	269.328
7.59647	269.328
7.6014	269.328
7.60551	269.328
7.60957	269.328
7.61306	269.328
7.61786	269.328
7.62393	269.328
7.62805	269.328
7.63477	269.328
7.64018	269.328
7.64488	269.328
7.65032	269.328
7.65476	269.328
7.65836	269.328
7.66215	269.328
7.66612	269.328
7.66936	269.328
7.67359	269.328
7.68042	269.328
7.68506	269.328
7.6895	269.328
7.69669	269.328
7.70057	269.328
7.70571	269.328
7.7095	269.328
7.71347	269.328
7.71697	269.328
7.72165	269.328
7.72573	269.328
7.72924	269.328
7.73309	269.328
7.7412	269.328
7.74954	269.328
7.75594	269.328
7.76301	269.328
7.76814	269.328
7.77325	269.328
7.7778	269.328
7.78114	269.328
7.78597	269.328
7.79018	269.328
7.79441	269.328
7.79869	269.328
7.80661	269.328
7.81372	269.328
7.82042	269.328
7.82525	269.328
7.82982	269.328
7.83357	269.328
7.83736	269.328
7.84071	269.328
7.84547	269.328
7.85024	269.328
7.85446	269.328
7.85981	269.328
7.86494	269.328
7.87227	269.328
7.87697	269.328
7.88209	269.328
7.88832	269.328
7.8937	269.328
7.89821	269.328
7.90242	269.328
7.90563	269.328
7.90857	269.328
7.91253	269.328
7.91696	269.328
7.92144	269.328
7.92455	269.328
7.92848	269.328
7.93283	269.328
7.94141	269.328
7.94618	269.328
7.95261	269.328
7.95651	269.328
7.96332	269.328
7.96842	269.328
7.97292	269.328
7.97788	269.328
7.98307	269.328
7.9892	269.328
7.99318	269.328
7.997	269.328
8.00208	269.328
8.00565	269.328
8.01175	269.328
8.01738	269.328
8.02058	269.328
8.02457	269.328
8.02826	269.328
8.03351	269.328
8.0373	269.328
8.04144	269.328
8.04542	269.328
8.05216	269.328
8.06064	269.328
8.06575	269.328
8.06982	269.328
8.07392	269.328
8.07772	269.328
8.08138	269.328
8.08471	269.328
8.08868	269.328
8.09259	269.328
8.09705	269.328
8.10105	269.328
8.10553	269.328
8.10973	269.328
8.11372	269.328
8.11705	269.328
8.12156	269.328
8.12588	269.328
8.12941	269.328
8.13442	269.328
8.14061	269.328
8.14506	269.328
8.14948	269.328
8.15291	269.328
8.1573	269.328
8.16112	269.328
8.16511	269.328
8.16907	269.328
8.1737	269.328
8.17954	269.328
8.18392	269.328
8.18697	269.328
8.19127	269.328
8.19794	269.328
8.20122	269.328
8.2049	269.328
8.20927	269.328
8.21474	269.328
8.2195	269.328
8.22271	269.328
8.22675	269.328
8.22983	269.328
8.23412	269.328
8.23729	269.328
8.2417	269.328
8.24623	269.328
8.25118	269.328
8.25437	269.328
8.25951	269.328
8.26425	269.328
8.26905	269.328
8.27401	269.328
8.28131	269.328
8.28614	269.328
8.2913	269.328
8.29639	269.328
8.3005	269.328
8.30528	269.328
8.30911	269.328
8.31412	269.328
8.31926	269.328
8.323	269.328
8.32788	269.328
8.3313	269.328
8.33647	269.328
8.34192	269.328
8.34616	269.328
8.35204	269.328
8.35619	269.328
8.35932	269.328
8.3637	269.328
8.36918	269.328
8.37317	269.328
8.37649	269.328
8.38041	269.328
8.38363	269.328
8.38801	269.328
8.39202	269.328
8.39618	269.328
8.39972	269.328
8.40379	269.328
8.4088	269.328
8.41289	269.328
8.41679	269.328
8.42138	269.328
8.42484	269.328
8.42878	269.328
8.43325	269.328
8.43734	269.328
8.44419	269.328
8.44828	269.328
8.45299	269.328
8.45788	269.328
8.46204	269.328
8.46578	269.328
8.46905	269.328
8.4756	269.328
8.48063	269.328
8.4842	269.328
8.48839	269.328
8.49143	269.328
8.49632	269.328
8.4998	269.328
8.50389	269.328
8.50872	269.328
8.51276	269.328
8.51687	269.328
8.52121	269.328
8.52795	269.328
8.5349	269.328
8.5417	269.328
8.54848	269.328
8.55294	269.328
8.55768	269.328
8.5614	269.328
8.56577	269.328
8.57271	269.328
8.5763	269.328
8.58342	269.328
8.59045	269.328
8.59391	269.328
8.59973	269.328
8.60611	269.328
8.61391	269.328
8.61876	269.328
8.62403	269.328
8.62884	269.328
8.63298	269.328
8.63634	269.328
8.64148	269.328
8.64719	269.328
8.6503	269.328
8.6554	269.328
8.65858	269.328
8.66298	269.328
8.66886	269.328
8.67289	269.328
8.67972	269.328
8.68468	269.328
8.68857	269.328
8.69198	269.328
8.69682	269.328
8.70033	269.328
8.70477	269.328
8.71134	269.328
8.71449	269.328
8.71875	269.328
8.72323	269.328
8.72651	269.328
8.73344	269.328
8.73864	269.328
8.74356	269.328
8.74775	269.328
8.7532	269.328
8.75821	269.328
8.7615	269.328
8.76518	269.328
8.76831	269.328
8.77481	269.328
8.78096	269.328
8.78488	269.328
8.78914	269.328
8.79272	269.328
8.79718	269.328
8.80384	269.328
8.80718	269.328
8.81168	269.328
8.81565	269.328
8.82065	269.328
8.82446	269.328
8.82879	269.328
8.83566	269.328
8.83979	269.328
8.84385	269.328
8.84757	269.328
8.85193	269.328
8.85605	269.328
8.8605	269.328
8.86409	269.328
8.86847	269.328
8.87211	269.328
8.87742	269.328
8.8855	269.328
8.89135	269.328
8.89636	269.328
8.90087	269.328
8.9055	269.328
8.90896	269.328
8.91313	269.328
8.9181	269.328
8.92168	269.328
8.92497	269.328
8.92897	269.328
8.93358	269.328
8.94029	269.328
8.94473	269.328
8.94861	269.328
8.95331	269.328
8.95687	269.328
8.96106	269.328
8.96552	269.328
8.96954	269.328
8.97325	269.328
8.97737	269.328
8.98375	269.328
8.98841	269.328
8.99209	269.328
8.99628	269.328
9.00064	269.328
9.00674	269.328
9.012	269.328
9.01618	269.328
9.02085	269.328
9.0285	269.328
9.03357	269.328
9.03814	269.328
9.04253	269.328
9.04765	269.328
9.05253	269.328
9.05643	269.328
9.06192	269.328
9.06563	269.328
9.06911	269.328
9.07328	269.328
9.07989	269.328
9.084	269.328
9.08892	269.328
9.09493	269.328
9.10179	269.328
9.10874	269.328
9.11303	269.328
9.11724	269.328
9.12363	269.328
9.12789	269.328
9.13185	269.328
9.13803	269.328
9.14465	269.328
9.14914	269.328
9.15404	269.328
9.15804	269.328
9.16571	269.328
9.17152	269.328
9.17655	269.328
9.18068	269.328
9.18431	269.328
9.18863	269.328
9.19296	269.328
9.19652	269.328
9.20162	269.328
9.20488	269.328
9.20888	269.328
9.21291	269.328
9.21707	269.328
9.22397	269.328
9.22842	269.328
9.23287	269.328
9.23716	269.328
9.24492	269.328
9.25359	269.328
9.25888	269.328
9.26459	269.328
9.26841	269.328
9.27423	269.328
9.27975	269.328
9.28436	269.328
9.29254	269.328
9.2974	269.328
9.30116	269.328
9.30583	269.328
9.31004	269.328
9.31381	269.328
9.31719	269.328
9.32318	269.328
9.32791	269.328
9.33253	269.328
9.33712	269.328
9.3416	269.328
9.34536	269.328
9.35151	269.328
9.35479	269.328
9.36006	269.328
9.36407	269.328
9.36792	269.328
9.37339	269.328
9.37727	269.328
9.38129	269.328
9.38526	269.328
9.38948	269.328
9.39332	269.328
9.39705	269.328
9.401	269.328
9.40504	269.328
9.40917	269.328
9.41246	269.328
9.41687	269.328
9.42078	269.328
9.42472	269.328
9.42992	269.328
9.43488	269.328
9.43877	269.328
9.4432	269.328
9.44681	269.328
9.4511	269.328
9.45483	269.328
9.4599	269.328
9.46382	269.328
9.47556	269.328
9.48373	269.328
9.48984	269.328
9.4958	269.328
9.50149	269.328
9.50657	269.328
9.51202	269.328
9.51729	269.328
9.52245	269.328
9.53031	269.328
9.53538	269.328
9.54121	269.328
9.5453	269.328
9.54934	269.328
9.55387	269.328
9.55741	269.328
9.5644	269.328
9.57062	269.328
9.5766	269.328
9.58318	269.328
9.59071	269.328
9.59697	269.328
9.60232	269.328
9.60964	269.328
9.61528	269.328
9.62091	269.328
9.62759	269.328
9.63332	269.328
9.63792	269.328
9.64196	269.328
9.64866	269.328
9.65338	269.328
9.66078	269.328
9.66553	269.328
9.67467	269.328
9.68182	269.328
9.68648	269.328
9.69117	269.328
9.69595	269.328
9.70131	269.328
9.70875	269.328
9.71572	269.328
9.72136	269.328
9.7264	269.328
9.73177	269.328
9.73747	269.328
9.74414	269.328
9.74953	269.328
9.75677	269.328
9.76189	269.328
9.76926	269.328
9.77666	269.328
9.78282	269.328
9.78939	269.328
9.794	269.328
9.79991	269.328
9.80692	269.328
9.81382	269.328
9.81809	269.328
9.82387	269.328
9.82969	269.328
9.83607	269.328
9.84024	269.328
9.84672	269.328
9.85241	269.328
9.85639	269.328
9.86177	269.328
9.86529	269.328
9.86912	269.328
9.87326	269.328
9.8773	269.328
9.88134	269.328
9.88542	269.328
9.89244	269.328
9.89683	269.328
9.90505	269.328
9.91132	269.328
9.91653	269.328
9.92121	269.328
9.92584	269.328
9.92964	269.328
9.93287	269.328
9.93729	269.328
9.94406	269.328
9.94902	269.328
9.95332	269.328
9.9576	269.328
9.96286	269.328
9.96918	269.328
9.97366	269.328
9.98025	269.328
9.98544	269.328
9.98934	269.328
9.99551	269.328
10.00029	269.328
