0	262.088
0.00445	262.088
0.00812	262.088
0.0114	262.088
0.01492	262.088
0.02008	262.088
0.02425	262.088
0.02809	262.088
0.03237	262.088
0.03628	262.088
0.03997	262.088
0.04389	262.088
0.04779	262.088
0.05196	262.088
0.05595	262.088
0.06002	262.088
0.06431	262.088
0.06811	262.088
0.07159	262.088
0.07555	262.088
0.07949	262.088
0.08329	262.088
0.08728	262.088
0.09076	262.088
0.09571	262.088
0.09897	262.088
0.10288	262.088
0.11205	262.088
0.11985	262.088
0.12434	262.088
0.12847	262.088
0.13474	262.088
0.1427	262.088
0.1524	262.088
0.16117	262.088
0.16739	262.088
0.17295	262.088
0.17768	262.088
0.18252	262.088
0.18702	262.088
0.19154	262.088
0.19528	262.088
0.19991	262.088
0.20596	262.088
0.21049	262.088
0.21416	262.088
0.22054	262.088
0.22557	262.088
0.2306	262.088
0.23489	262.088
0.23923	262.088
0.2438	262.088
0.24785	262.088
0.25317	262.088
0.25826	262.088
0.26582	262.088
0.27285	262.088
0.27781	262.088
0.28284	262.088
0.29158	262.088
0.29921	262.088
0.30672	262.088
0.31179	262.088
0.31706	262.088
0.32159	262.088
0.32518	262.088
0.32911	262.088
0.3326	262.088
0.33743	262.088
0.34328	262.088
0.34862	262.088
0.35298	262.088
0.35681	262.088
0.36052	262.088
0.3638	262.088
0.36898	262.088
0.37287	262.088
0.37736	262.088
0.38122	262.088
0.38607	262.088
0.39143	262.088
0.39576	262.088
0.4004	262.088
0.40714	262.088
0.41202	262.088
0.41856	262.088
0.42306	262.088
0.42775	262.088
0.43419	262.088
0.44168	262.088
0.44716	262.088
0.45214	262.088
0.45715	262.088
0.46093	262.088
0.4647	262.088
0.46852	262.088
0.47215	262.088
0.47633	262.088
0.48104	262.088
0.48464	262.088
0.48832	262.088
0.49255	262.088
0.49701	262.088
0.50089	262.088
0.5046	262.088
0.50794	262.088
0.5119	262.088
0.51534	262.088
0.52189	262.088
0.52553	262.088
0.52999	262.088
0.53476	262.088
0.53861	262.088
0.54317	262.088
0.54703	262.088
0.5506	262.088
0.55609	262.088
0.55974	262.088
0.56425	262.088
0.56769	262.088
0.57272	262.088
0.57675	262.088
0.58051	262.088
0.58445	262.088
0.588	262.088
0.59222	262.088
0.59649	262.088
0.60153	262.088
0.60579	262.088
0.61027	262.088
0.61362	262.088
0.61885	262.088
0.62226	262.088
0.62733	262.088
0.6322	262.088
0.63586	262.088
0.64027	262.088
0.64416	262.088
0.64837	262.088
0.65196	262.088
0.65835	262.088
0.66235	262.088
0.66621	262.088
0.66981	262.088
0.67469	262.088
0.67805	262.088
0.68184	262.088
0.68664	262.088
0.69089	262.088
0.6946	262.088
0.6989	262.088
0.70366	262.088
0.70811	262.088
0.7119	262.088
0.71606	262.088
0.72068	262.088
0.72672	262.088
0.73114	262.088
0.73486	262.088
0.73968	262.088
0.74379	262.088
0.74818	262.088
0.75246	262.088
0.75861	262.088
0.76283	262.088
0.7665	262.088
0.77054	262.088
0.77402	262.088
0.77795	262.088
0.7826	262.088
0.7861	262.088
0.79083	262.088
0.79408	262.088
0.79863	262.088
0.8021	262.088
0.807	262.088
0.81298	262.088
0.81773	262.088
0.82269	262.088
0.82729	262.088
0.83153	262.088
0.83538	262.088
0.83979	262.088
0.84383	262.088
0.84868	262.088
0.85212	262.088
0.85644	262.088
0.86072	262.088
0.86742	262.088
0.87265	262.088
0.87865	262.088
0.88342	262.088
0.88827	262.088
0.89526	262.088
0.90089	262.088
0.90795	262.088
0.9132	262.088
0.91908	262.088
0.92368	262.088
0.92804	262.088
0.93244	262.088
0.93964	262.088
0.94548	262.088
0.95344	262.088
0.95894	262.088
0.96319	262.088
0.96815	262.088
0.97326	262.088
0.9789	262.088
0.9844	262.088
0.98782	262.088
0.99231	262.088
0.99639	262.088
1.00019	262.088
1.00635	262.088
1.01016	262.088
1.01519	262.088
1.01986	262.088
1.02412	262.088
1.03016	262.088
1.03533	262.088
1.03918	262.088
1.04348	262.088
1.04858	262.088
1.05771	262.088
1.06441	262.088
1.07103	262.088
1.07585	262.088
1.08025	262.088
1.08828	262.088
1.09352	262.088
1.09877	262.088
1.10408	262.088
1.10883	262.088
1.11336	262.088
1.1175	262.088
1.1234	262.088
1.12704	262.088
1.13142	262.088
1.13527	262.088
1.13989	262.088
1.14503	262.088
1.14941	262.088
1.15398	262.088
1.15864	262.088
1.16272	262.088
1.16776	262.088
1.17174	262.088
1.17766	262.088
1.18175	262.088
1.18649	262.088
1.19139	262.088
1.19859	262.088
1.2021	262.088
1.20627	262.088
1.21045	262.088
1.2148	262.088
1.21866	262.088
1.22319	262.088
1.22791	262.088
1.23229	262.088
1.23933	262.088
1.2436	262.088
1.2484	262.088
1.25262	262.088
1.25743	262.088
1.2627	262.088
1.26721	262.088
1.27095	262.088
1.27638	262.088
1.28131	262.088
1.28569	262.088
1.28925	262.088
1.29369	262.088
1.29793	262.088
1.30163	262.088
1.30729	262.088
1.31243	262.088
1.31826	262.088
1.32326	262.088
1.32855	262.088
1.33279	262.088
1.33672	262.088
1.34219	262.088
1.3469	262.088
1.35292	262.088
1.35669	262.088
1.36086	262.088
1.36527	262.088
1.36892	262.088
1.37315	262.088
1.37991	262.088
1.38382	262.088
1.38997	262.088
1.39538	262.088
1.39966	262.088
1.40476	262.088
1.4113	262.088
1.41693	262.088
1.42156	262.088
1.42636	262.088
1.43067	262.088
1.43447	262.088
1.4388	262.088
1.44335	262.088
1.44748	262.088
1.45118	262.088
1.45539	262.088
1.46284	262.088
1.46723	262.088
1.47196	262.088
1.47625	262.088
1.48113	262.088
1.48577	262.088
1.48952	262.088
1.49472	262.088
1.49932	262.088
1.50355	262.088
1.50761	262.088
1.5116	262.088
1.51579	262.088
1.52028	262.088
1.52705	262.088
1.53161	262.088
1.53592	262.088
1.54011	262.088
1.54381	262.088
1.54912	262.088
1.55439	262.088
1.55978	262.088
1.56506	262.088
1.57087	262.088
1.57698	262.088
1.58067	262.088
1.58472	262.088
1.58961	262.088
1.59584	262.088
1.60261	262.088
1.60769	262.088
1.61273	262.088
1.61767	262.088
1.62334	262.088
1.62773	262.088
1.63212	262.088
1.63643	262.088
1.63991	262.088
1.64568	262.088
1.6506	262.088
1.65504	262.088
1.65904	262.088
1.66439	262.088
1.67034	262.088
1.67622	262.088
1.68085	262.088
1.68602	262.088
1.69114	262.088
1.69504	262.088
1.69936	262.088
1.703	262.088
1.70792	262.088
1.71131	262.088
1.71673	262.088
1.72282	262.088
1.72765	262.088
1.73239	262.088
1.73646	262.088
1.73985	262.088
1.74335	262.088
1.74677	262.088
1.75044	262.088
1.75467	262.088
1.75863	262.088
1.76258	262.088
1.76654	262.088
1.77072	262.088
1.7744	262.088
1.77828	262.088
1.78171	262.088
1.78547	262.088
1.79169	262.088
1.79532	262.088
1.80022	262.088
1.80426	262.088
1.80891	262.088
1.81395	262.088
1.81773	262.088
1.82176	262.088
1.82535	262.088
1.83019	262.088
1.83376	262.088
1.83741	262.088
1.84278	262.088
1.847	262.088
1.85101	262.088
1.85469	262.088
1.86065	262.088
1.86468	262.088
1.8685	262.088
1.87471	262.088
1.88143	262.088
1.88813	262.088
1.89243	262.088
1.89919	262.088
1.90392	262.088
1.90903	262.088
1.91509	262.088
1.92057	262.088
1.92467	262.088
1.92955	262.088
1.93374	262.088
1.93776	262.088
1.94351	262.088
1.94802	262.088
1.95261	262.088
1.95702	262.088
1.96342	262.088
1.96865	262.088
1.97366	262.088
1.97953	262.088
1.98369	262.088
1.98857	262.088
1.99505	262.088
1.99948	262.088
2.00458	262.088
2.00902	262.088
2.01259	262.088
2.01642	262.088
2.02311	262.088
2.02945	262.088
2.03285	262.088
2.03695	262.088
2.04135	262.088
2.0472	262.088
2.05681	262.088
2.06435	262.088
2.07029	262.088
2.07559	262.088
2.0796	262.088
2.08414	262.088
2.0881	262.088
2.09183	262.088
2.09597	262.088
2.10076	262.088
2.10525	262.088
2.11055	262.088
2.11674	262.088
2.12266	262.088
2.12671	262.088
2.13126	262.088
2.13498	262.088
2.13958	262.088
2.14568	262.088
2.15251	262.088
2.1586	262.088
2.1647	262.088
2.17058	262.088
2.17485	262.088
2.17918	262.088
2.18304	262.088
2.18789	262.088
2.19155	262.088
2.19622	262.088
2.19961	262.088
2.20376	262.088
2.20805	262.088
2.21254	262.088
2.21714	262.088
2.22196	262.088
2.22697	262.088
2.23203	262.088
2.23709	262.088
2.24323	262.088
2.24736	262.088
2.25302	262.088
2.26017	262.088
2.26899	262.088
2.27256	262.088
2.27929	262.088
2.28443	262.088
2.28868	262.088
2.2937	262.088
2.29786	262.088
2.30335	262.088
2.30886	262.088
2.31278	262.088
2.31943	262.088
2.32508	262.088
2.3294	262.088
2.33496	262.088
2.34032	262.088
2.34466	262.088
2.34901	262.088
2.35288	262.088
2.35646	262.088
2.35972	262.088
2.36425	262.088
2.36858	262.088
2.37288	262.088
2.37657	262.088
2.38313	262.088
2.38738	262.088
2.3913	262.088
2.39647	262.088
2.40277	262.088
2.40801	262.088
2.41382	262.088
2.41831	262.088
2.42398	262.088
2.42937	262.088
2.43493	262.088
2.44057	262.088
2.44674	262.088
2.45197	262.088
2.45857	262.088
2.46503	262.088
2.47093	262.088
2.47547	262.088
2.48212	262.088
2.48875	262.088
2.49509	262.088
2.50361	262.088
2.51285	262.088
2.51889	262.088
2.52356	262.088
2.52938	262.088
2.53337	262.088
2.53798	262.088
2.54301	262.088
2.55136	262.088
2.55641	262.088
2.56114	262.088
2.56558	262.088
2.57099	262.088
2.57947	262.088
2.58642	262.088
2.59177	262.088
2.59919	262.088
2.60504	262.088
2.6104	262.088
2.61536	262.088
2.61966	262.088
2.62525	262.088
2.63344	262.088
2.63926	262.088
2.64439	262.088
2.64859	262.088
2.65227	262.088
2.65611	262.088
2.66045	262.088
2.66472	262.088
2.66833	262.088
2.67386	262.088
2.67985	262.088
2.68413	262.088
2.68816	262.088
2.69354	262.088
2.70086	262.088
2.70634	262.088
2.71213	262.088
2.71769	262.088
2.72325	262.088
2.72754	262.088
2.73134	262.088
2.73561	262.088
2.74042	262.088
2.74405	262.088
2.74843	262.088
2.75239	262.088
2.75578	262.088
2.7598	262.088
2.76457	262.088
2.76787	262.088
2.77139	262.088
2.77529	262.088
2.78021	262.088
2.78483	262.088
2.78829	262.088
2.79294	262.088
2.79681	262.088
2.80048	262.088
2.80383	262.088
2.80789	262.088
2.81262	262.088
2.81619	262.088
2.81957	262.088
2.82399	262.088
2.82754	262.088
2.83152	262.088
2.83691	262.088
2.84067	262.088
2.84418	262.088
2.84846	262.088
2.85285	262.088
2.85712	262.088
2.86171	262.088
2.86551	262.088
2.87013	262.088
2.87495	262.088
2.88071	262.088
2.88606	262.088
2.89108	262.088
2.89694	262.088
2.90132	262.088
2.90641	262.088
2.91478	262.088
2.92118	262.088
2.92947	262.088
2.93628	262.088
2.94287	262.088
2.94841	262.088
2.95545	262.088
2.95979	262.088
2.96549	262.088
2.97186	262.088
2.97731	262.088
2.98524	262.088
2.99167	262.088
2.9973	262.088
3.00822	262.088
3.01425	262.088
3.01775	262.088
3.02301	262.088
3.02676	262.088
3.03226	262.088
3.03581	262.088
3.03927	262.088
3.04383	262.088
3.04852	262.088
3.05353	262.088
3.06116	262.088
3.06586	262.088
3.06908	262.088
3.07227	262.088
3.07738	262.088
3.08207	262.088
3.08578	262.088
3.08965	262.088
3.093	262.088
3.09622	262.088
3.10039	262.088
3.10403	262.088
3.10801	262.088
3.11469	262.088
3.12005	262.088
3.1245	262.088
3.12799	262.088
3.13298	262.088
3.13795	262.088
3.14325	262.088
3.14774	262.088
3.15182	262.088
3.15791	262.088
3.16541	262.088
3.17166	262.088
3.17661	262.088
3.18053	262.088
3.18465	262.088
3.18882	262.088
3.19191	262.088
3.19785	262.088
3.20463	262.088
3.2109	262.088
3.21489	262.088
3.21978	262.088
3.2236	262.088
3.22781	262.088
3.2311	262.088
3.23535	262.088
3.23942	262.088
3.24317	262.088
3.24755	262.088
3.25118	262.088
3.25471	262.088
3.25803	262.088
3.26241	262.088
3.27258	262.088
3.27827	262.088
3.28396	262.088
3.28978	262.088
3.2986	262.088
3.30365	262.088
3.30854	262.088
3.31567	262.088
3.32124	262.088
3.32683	262.088
3.33132	262.088
3.33576	262.088
3.34044	262.088
3.3443	262.088
3.34789	262.088
3.35239	262.088
3.35656	262.088
3.36022	262.088
3.36419	262.088
3.36739	262.088
3.3746	262.088
3.37978	262.088
3.38409	262.088
3.3879	262.088
3.39253	262.088
3.39629	262.088
3.39947	262.088
3.40673	262.088
3.41228	262.088
3.42118	262.088
3.42625	262.088
3.43107	262.088
3.43511	262.088
3.4395	262.088
3.44309	262.088
3.44736	262.088
3.45121	262.088
3.45611	262.088
3.45962	262.088
3.46495	262.088
3.46942	262.088
3.47378	262.088
3.47755	262.088
3.4819	262.088
3.4877	262.088
3.49129	262.088
3.49547	262.088
3.49907	262.088
3.50333	262.088
3.50693	262.088
3.5111	262.088
3.51478	262.088
3.51892	262.088
3.52282	262.088
3.52678	262.088
3.53079	262.088
3.53512	262.088
3.53941	262.088
3.54274	262.088
3.5477	262.088
3.5518	262.088
3.55669	262.088
3.56026	262.088
3.56364	262.088
3.56791	262.088
3.57318	262.088
3.57636	262.088
3.57959	262.088
3.58363	262.088
3.58736	262.088
3.59131	262.088
3.59489	262.088
3.59899	262.088
3.60297	262.088
3.60697	262.088
3.61082	262.088
3.61515	262.088
3.61949	262.088
3.62404	262.088
3.62878	262.088
3.63372	262.088
3.63933	262.088
3.64335	262.088
3.64847	262.088
3.65226	262.088
3.65814	262.088
3.66358	262.088
3.66856	262.088
3.6726	262.088
3.67703	262.088
3.68095	262.088
3.68552	262.088
3.69022	262.088
3.69493	262.088
3.70011	262.088
3.70483	262.088
3.70875	262.088
3.71226	262.088
3.71648	262.088
3.72078	262.088
3.72475	262.088
3.72874	262.088
3.73272	262.088
3.73754	262.088
3.74208	262.088
3.74565	262.088
3.75097	262.088
3.75586	262.088
3.75926	262.088
3.76468	262.088
3.76892	262.088
3.77271	262.088
3.77656	262.088
3.78169	262.088
3.79005	262.088
3.79476	262.088
3.79949	262.088
3.80569	262.088
3.81106	262.088
3.81549	262.088
3.82014	262.088
3.82475	262.088
3.82818	262.088
3.832	262.088
3.83707	262.088
3.84188	262.088
3.84722	262.088
3.85302	262.088
3.85795	262.088
3.86312	262.088
3.86748	262.088
3.87341	262.088
3.88121	262.088
3.88664	262.088
3.89161	262.088
3.89678	262.088
3.90102	262.088
3.90509	262.088
3.90949	262.088
3.91349	262.088
3.91769	262.088
3.92167	262.088
3.9265	262.088
3.93179	262.088
3.93683	262.088
3.94413	262.088
3.95074	262.088
3.95869	262.088
3.96504	262.088
3.96893	262.088
3.97321	262.088
3.9795	262.088
3.98498	262.088
3.99071	262.088
3.99487	262.088
3.99989	262.088
4.00438	262.088
4.00829	262.088
4.01281	262.088
4.01672	262.088
4.02104	262.088
4.0255	262.088
4.0296	262.088
4.03398	262.088
4.03927	262.088
4.04437	262.088
4.04826	262.088
4.05186	262.088
4.05584	262.088
4.06049	262.088
4.06476	262.088
4.06952	262.088
4.07469	262.088
4.07905	262.088
4.08347	262.088
4.08858	262.088
4.09237	262.088
4.09618	262.088
4.10281	262.088
4.10704	262.088
4.11078	262.088
4.11595	262.088
4.12044	262.088
4.12544	262.088
4.13139	262.088
4.13751	262.088
4.14341	262.088
4.15083	262.088
4.15701	262.088
4.16153	262.088
4.16749	262.088
4.17145	262.088
4.17682	262.088
4.18083	262.088
4.18477	262.088
4.18854	262.088
4.19247	262.088
4.19636	262.088
4.20301	262.088
4.20707	262.088
4.21055	262.088
4.21498	262.088
4.21989	262.088
4.22575	262.088
4.2306	262.088
4.23502	262.088
4.23908	262.088
4.24416	262.088
4.24918	262.088
4.25396	262.088
4.25932	262.088
4.26404	262.088
4.26786	262.088
4.27315	262.088
4.27825	262.088
4.28293	262.088
4.28817	262.088
4.29219	262.088
4.29619	262.088
4.30025	262.088
4.30493	262.088
4.31006	262.088
4.3154	262.088
4.3204	262.088
4.32512	262.088
4.3309	262.088
4.33538	262.088
4.33898	262.088
4.3443	262.088
4.34941	262.088
4.35389	262.088
4.35868	262.088
4.36367	262.088
4.36877	262.088
4.37402	262.088
4.37862	262.088
4.38303	262.088
4.38914	262.088
4.39273	262.088
4.39697	262.088
4.40277	262.088
4.40825	262.088
4.41278	262.088
4.41668	262.088
4.42062	262.088
4.42464	262.088
4.42882	262.088
4.43266	262.088
4.43662	262.088
4.44156	262.088
4.44738	262.088
4.45323	262.088
4.45913	262.088
4.46323	262.088
4.46779	262.088
4.47261	262.088
4.47725	262.088
4.48153	262.088
4.48502	262.088
4.49078	262.088
4.49544	262.088
4.49962	262.088
4.50422	262.088
4.50874	262.088
4.51316	262.088
4.51868	262.088
4.52476	262.088
4.52909	262.088
4.53361	262.088
4.53779	262.088
4.54319	262.088
4.54818	262.088
4.55521	262.088
4.56008	262.088
4.56682	262.088
4.5716	262.088
4.57508	262.088
4.58048	262.088
4.58561	262.088
4.59048	262.088
4.59546	262.088
4.60302	262.088
4.60804	262.088
4.61324	262.088
4.61835	262.088
4.62607	262.088
4.63167	262.088
4.63593	262.088
4.64106	262.088
4.64578	262.088
4.64936	262.088
4.65395	262.088
4.65771	262.088
4.66212	262.088
4.66717	262.088
4.67071	262.088
4.675	262.088
4.67891	262.088
4.68664	262.088
4.69159	262.088
4.69557	262.088
4.70036	262.088
4.70438	262.088
4.71066	262.088
4.71525	262.088
4.71954	262.088
4.72346	262.088
4.72817	262.088
4.73293	262.088
4.73716	262.088
4.74149	262.088
4.74566	262.088
4.74976	262.088
4.7531	262.088
4.75723	262.088
4.76184	262.088
4.76568	262.088
4.77096	262.088
4.77562	262.088
4.77983	262.088
4.78526	262.088
4.79099	262.088
4.79637	262.088
4.80172	262.088
4.80632	262.088
4.81109	262.088
4.81486	262.088
4.81995	262.088
4.82471	262.088
4.82908	262.088
4.83279	262.088
4.83725	262.088
4.84157	262.088
4.84555	262.088
4.84984	262.088
4.85354	262.088
4.85778	262.088
4.86118	262.088
4.86553	262.088
4.87234	262.088
4.87711	262.088
4.8806	262.088
4.88442	262.088
4.88845	262.088
4.89248	262.088
4.8966	262.088
4.90042	262.088
4.90735	262.088
4.91308	262.088
4.91768	262.088
4.92353	262.088
4.9289	262.088
4.93387	262.088
4.9385	262.088
4.94464	262.088
4.94991	262.088
4.95428	262.088
4.95808	262.088
4.96289	262.088
4.96799	262.088
4.9717	262.088
4.9765	262.088
4.98054	262.088
4.98634	262.088
4.99003	262.088
4.99414	262.088
4.99736	262.088
5.00477	262.088
5.01069	262.088
5.0179	262.088
5.02166	262.088
5.02655	262.088
5.02974	262.088
5.03565	262.088
5.04016	262.088
5.04355	262.088
5.04723	262.088
5.05066	262.088
5.05474	262.088
5.05807	262.088
5.06132	262.088
5.06551	262.088
5.06875	262.088
5.07314	262.088
5.07677	262.088
5.08204	262.088
5.08722	262.088
5.09198	262.088
5.09539	262.088
5.09896	262.088
5.10424	262.088
5.11083	262.088
5.11436	262.088
5.11924	262.088
5.12412	262.088
5.12828	262.088
5.13245	262.088
5.13629	262.088
5.14013	262.088
5.14413	262.088
5.14779	262.088
5.1517	262.088
5.1566	262.088
5.16078	262.088
5.16494	262.088
5.16864	262.088
5.1746	262.088
5.17903	262.088
5.18585	262.088
5.18964	262.088
5.194	262.088
5.19899	262.088
5.20358	262.088
5.20712	262.088
5.21119	262.088
5.21723	262.088
5.22242	262.088
5.22574	262.088
5.23115	262.088
5.23503	262.088
5.23863	262.088
5.24164	262.088
5.24586	262.088
5.24945	262.088
5.25511	262.088
5.26294	262.088
5.26728	262.088
5.2713	262.088
5.27572	262.088
5.27992	262.088
5.28615	262.088
5.28965	262.088
5.29724	262.088
5.30365	262.088
5.30837	262.088
5.3127	262.088
5.31623	262.088
5.31977	262.088
5.32392	262.088
5.32799	262.088
5.33197	262.088
5.33895	262.088
5.34475	262.088
5.34979	262.088
5.35716	262.088
5.36309	262.088
5.3686	262.088
5.37378	262.088
5.37807	262.088
5.38149	262.088
5.38566	262.088
5.39076	262.088
5.39493	262.088
5.39868	262.088
5.40223	262.088
5.40525	262.088
5.40873	262.088
5.41273	262.088
5.41616	262.088
5.42128	262.088
5.42475	262.088
5.4287	262.088
5.4323	262.088
5.43635	262.088
5.44041	262.088
5.4442	262.088
5.44744	262.088
5.45136	262.088
5.4554	262.088
5.45959	262.088
5.46324	262.088
5.4682	262.088
5.47292	262.088
5.47645	262.088
5.48065	262.088
5.4844	262.088
5.48804	262.088
5.49301	262.088
5.49977	262.088
5.50411	262.088
5.50779	262.088
5.51263	262.088
5.51633	262.088
5.52168	262.088
5.52825	262.088
5.53441	262.088
5.53892	262.088
5.54569	262.088
5.55348	262.088
5.55869	262.088
5.56383	262.088
5.56995	262.088
5.57528	262.088
5.5797	262.088
5.58433	262.088
5.58837	262.088
5.59225	262.088
5.59585	262.088
5.59889	262.088
5.60257	262.088
5.60584	262.088
5.60908	262.088
5.61246	262.088
5.61651	262.088
5.62034	262.088
5.6238	262.088
5.62748	262.088
5.63237	262.088
5.63616	262.088
5.64458	262.088
5.64916	262.088
5.65297	262.088
5.65654	262.088
5.65997	262.088
5.66407	262.088
5.66765	262.088
5.67164	262.088
5.67541	262.088
5.67946	262.088
5.68464	262.088
5.68915	262.088
5.69231	262.088
5.69695	262.088
5.70122	262.088
5.70477	262.088
5.70837	262.088
5.71163	262.088
5.71554	262.088
5.72043	262.088
5.72412	262.088
5.72877	262.088
5.73234	262.088
5.73634	262.088
5.74019	262.088
5.74493	262.088
5.74829	262.088
5.75298	262.088
5.75613	262.088
5.76092	262.088
5.76408	262.088
5.76846	262.088
5.7746	262.088
5.7791	262.088
5.78285	262.088
5.78842	262.088
5.79357	262.088
5.79931	262.088
5.80546	262.088
5.81048	262.088
5.81741	262.088
5.82472	262.088
5.83098	262.088
5.8355	262.088
5.83979	262.088
5.84513	262.088
5.8511	262.088
5.85602	262.088
5.86193	262.088
5.86711	262.088
5.87382	262.088
5.88092	262.088
5.88708	262.088
5.89195	262.088
5.89652	262.088
5.90198	262.088
5.90659	262.088
5.912	262.088
5.91581	262.088
5.91989	262.088
5.92358	262.088
5.92731	262.088
5.9336	262.088
5.93943	262.088
5.94513	262.088
5.95004	262.088
5.95355	262.088
5.9573	262.088
5.96217	262.088
5.96675	262.088
5.97062	262.088
5.97604	262.088
5.98012	262.088
5.98382	262.088
5.98741	262.088
5.99124	262.088
5.99553	262.088
5.99972	262.088
6.0037	262.088
6.00815	262.088
6.01206	262.088
6.01671	262.088
6.02079	262.088
6.02481	262.088
6.02822	262.088
6.03511	262.088
6.03964	262.088
6.04407	262.088
6.04752	262.088
6.05131	262.088
6.05539	262.088
6.05995	262.088
6.06339	262.088
6.06708	262.088
6.07156	262.088
6.07612	262.088
6.07991	262.088
6.08376	262.088
6.08918	262.088
6.09635	262.088
6.10155	262.088
6.10694	262.088
6.11093	262.088
6.11993	262.088
6.12502	262.088
6.12989	262.088
6.13407	262.088
6.13853	262.088
6.14201	262.088
6.14554	262.088
6.15032	262.088
6.15521	262.088
6.16054	262.088
6.1649	262.088
6.1686	262.088
6.17227	262.088
6.17673	262.088
6.1803	262.088
6.18455	262.088
6.1881	262.088
6.19206	262.088
6.19623	262.088
6.20141	262.088
6.20529	262.088
6.20967	262.088
6.21441	262.088
6.2182	262.088
6.22141	262.088
6.22488	262.088
6.22854	262.088
6.23223	262.088
6.23819	262.088
6.24164	262.088
6.24495	262.088
6.24906	262.088
6.25681	262.088
6.26353	262.088
6.2703	262.088
6.27706	262.088
6.28289	262.088
6.28671	262.088
6.29362	262.088
6.2976	262.088
6.30209	262.088
6.30569	262.088
6.30974	262.088
6.31353	262.088
6.31742	262.088
6.3209	262.088
6.32456	262.088
6.32834	262.088
6.33165	262.088
6.33609	262.088
6.34	262.088
6.34524	262.088
6.35218	262.088
6.35963	262.088
6.36568	262.088
6.37077	262.088
6.37469	262.088
6.37972	262.088
6.3839	262.088
6.38746	262.088
6.39078	262.088
6.39598	262.088
6.4006	262.088
6.40426	262.088
6.40899	262.088
6.41292	262.088
6.41775	262.088
6.42272	262.088
6.42747	262.088
6.43189	262.088
6.43605	262.088
6.43986	262.088
6.44725	262.088
6.45146	262.088
6.45496	262.088
6.45913	262.088
6.46269	262.088
6.46758	262.088
6.47163	262.088
6.47647	262.088
6.48013	262.088
6.48374	262.088
6.48692	262.088
6.49155	262.088
6.49773	262.088
6.50337	262.088
6.50853	262.088
6.51292	262.088
6.51707	262.088
6.5207	262.088
6.52503	262.088
6.52847	262.088
6.53269	262.088
6.53655	262.088
6.54073	262.088
6.54438	262.088
6.55112	262.088
6.55512	262.088
6.55899	262.088
6.56344	262.088
6.56729	262.088
6.57279	262.088
6.57684	262.088
6.58229	262.088
6.58721	262.088
6.59198	262.088
6.59638	262.088
6.60029	262.088
6.60368	262.088
6.60746	262.088
6.61438	262.088
6.61804	262.088
6.62154	262.088
6.62814	262.088
6.6361	262.088
6.64117	262.088
6.6461	262.088
6.65283	262.088
6.65745	262.088
6.66129	262.088
6.66641	262.088
6.67067	262.088
6.676	262.088
6.68144	262.088
6.68507	262.088
6.69074	262.088
6.69485	262.088
6.70268	262.088
6.70732	262.088
6.7113	262.088
6.71714	262.088
6.72436	262.088
6.73149	262.088
6.73916	262.088
6.7448	262.088
6.74905	262.088
6.75384	262.088
6.75964	262.088
6.76514	262.088
6.77068	262.088
6.77682	262.088
6.78443	262.088
6.79131	262.088
6.79661	262.088
6.80253	262.088
6.80675	262.088
6.81107	262.088
6.81642	262.088
6.82263	262.088
6.8279	262.088
6.83446	262.088
6.84189	262.088
6.84818	262.088
6.85712	262.088
6.86246	262.088
6.86768	262.088
6.87597	262.088
6.88085	262.088
6.88551	262.088
6.88964	262.088
6.89393	262.088
6.89913	262.088
6.9026	262.088
6.90887	262.088
6.91452	262.088
6.91906	262.088
6.92354	262.088
6.92964	262.088
6.93623	262.088
6.94045	262.088
6.94535	262.088
6.94902	262.088
6.95296	262.088
6.95761	262.088
6.96176	262.088
6.96613	262.088
6.96912	262.088
6.97318	262.088
6.97812	262.088
6.98588	262.088
6.9897	262.088
6.99557	262.088
7.00417	262.088
7.00993	262.088
7.01546	262.088
7.01988	262.088
7.02415	262.088
7.028	262.088
7.03189	262.088
7.03631	262.088
7.03967	262.088
7.04327	262.088
7.04712	262.088
7.05156	262.088
7.05512	262.088
7.05992	262.088
7.06366	262.088
7.06762	262.088
7.07171	262.088
7.07628	262.088
7.08036	262.088
7.08358	262.088
7.08911	262.088
7.09484	262.088
7.10276	262.088
7.10879	262.088
7.11441	262.088
7.11983	262.088
7.12477	262.088
7.12846	262.088
7.1321	262.088
7.13682	262.088
7.14141	262.088
7.14545	262.088
7.15084	262.088
7.15526	262.088
7.15957	262.088
7.16396	262.088
7.16793	262.088
7.17264	262.088
7.17643	262.088
7.17946	262.088
7.18361	262.088
7.188	262.088
7.19278	262.088
7.19641	262.088
7.19999	262.088
7.20527	262.088
7.21328	262.088
7.21907	262.088
7.22474	262.088
7.23027	262.088
7.23517	262.088
7.23985	262.088
7.2456	262.088
7.24934	262.088
7.25302	262.088
7.2566	262.088
7.26521	262.088
7.27425	262.088
7.28102	262.088
7.28571	262.088
7.29111	262.088
7.29726	262.088
7.30151	262.088
7.30512	262.088
7.31219	262.088
7.31781	262.088
7.32413	262.088
7.32783	262.088
7.33203	262.088
7.3366	262.088
7.34288	262.088
7.34754	262.088
7.35151	262.088
7.35492	262.088
7.35845	262.088
7.36297	262.088
7.36683	262.088
7.37115	262.088
7.37504	262.088
7.38227	262.088
7.38847	262.088
7.39304	262.088
7.39702	262.088
7.40044	262.088
7.40601	262.088
7.41097	262.088
7.41471	262.088
7.41803	262.088
7.42299	262.088
7.42696	262.088
7.43163	262.088
7.43536	262.088
7.43934	262.088
7.44452	262.088
7.44781	262.088
7.45124	262.088
7.45587	262.088
7.46309	262.088
7.4688	262.088
7.47263	262.088
7.47684	262.088
7.48182	262.088
7.48653	262.088
7.49442	262.088
7.49937	262.088
7.50285	262.088
7.50692	262.088
7.51198	262.088
7.51615	262.088
7.52034	262.088
7.52616	262.088
7.53319	262.088
7.53976	262.088
7.5443	262.088
7.54868	262.088
7.55572	262.088
7.56141	262.088
7.56785	262.088
7.57157	262.088
7.57679	262.088
7.5814	262.088
7.58456	262.088
7.58806	262.088
7.59181	262.088
7.59539	262.088
7.59975	262.088
7.60356	262.088
7.6075	262.088
7.61136	262.088
7.61644	262.088
7.62062	262.088
7.62407	262.088
7.62879	262.088
7.63257	262.088
7.63624	262.088
7.64353	262.088
7.64732	262.088
7.65078	262.088
7.65475	262.088
7.65813	262.088
7.66152	262.088
7.66607	262.088
7.66921	262.088
7.67429	262.088
7.67851	262.088
7.68155	262.088
7.68604	262.088
7.68962	262.088
7.69388	262.088
7.69743	262.088
7.70347	262.088
7.70981	262.088
7.71347	262.088
7.7177	262.088
7.72098	262.088
7.72554	262.088
7.72889	262.088
7.73227	262.088
7.73598	262.088
7.74123	262.088
7.74783	262.088
7.75302	262.088
7.7575	262.088
7.7618	262.088
7.76556	262.088
7.76983	262.088
7.77338	262.088
7.77797	262.088
7.78147	262.088
7.78549	262.088
7.78867	262.088
7.79376	262.088
7.80002	262.088
7.80508	262.088
7.81188	262.088
7.81876	262.088
7.82318	262.088
7.82763	262.088
7.83204	262.088
7.83548	262.088
7.8394	262.088
7.84487	262.088
7.85118	262.088
7.85512	262.088
7.85902	262.088
7.86376	262.088
7.86795	262.088
7.87188	262.088
7.87616	262.088
7.88214	262.088
7.88595	262.088
7.89101	262.088
7.89493	262.088
7.89906	262.088
7.90327	262.088
7.90731	262.088
7.91106	262.088
7.91595	262.088
7.91983	262.088
7.92651	262.088
7.93271	262.088
7.9378	262.088
7.94357	262.088
7.94806	262.088
7.95177	262.088
7.95635	262.088
7.95997	262.088
7.96398	262.088
7.96807	262.088
7.97244	262.088
7.97638	262.088
7.98069	262.088
7.98487	262.088
7.9883	262.088
7.99258	262.088
7.99788	262.088
8.00165	262.088
8.00605	262.088
8.01105	262.088
8.01502	262.088
8.01908	262.088
8.02247	262.088
8.02555	262.088
8.03047	262.088
8.03363	262.088
8.03769	262.088
8.04153	262.088
8.04544	262.088
8.05075	262.088
8.05555	262.088
8.06008	262.088
8.06462	262.088
8.06885	262.088
8.07696	262.088
8.08143	262.088
8.08618	262.088
8.0905	262.088
8.09388	262.088
8.09795	262.088
8.10453	262.088
8.11119	262.088
8.1179	262.088
8.124	262.088
8.13205	262.088
8.1374	262.088
8.14194	262.088
8.14591	262.088
8.14968	262.088
8.15326	262.088
8.15642	262.088
8.15966	262.088
8.16278	262.088
8.16589	262.088
8.16934	262.088
8.1747	262.088
8.17905	262.088
8.18292	262.088
8.18945	262.088
8.19608	262.088
8.2005	262.088
8.204	262.088
8.20914	262.088
8.21259	262.088
8.21647	262.088
8.22014	262.088
8.22502	262.088
8.22903	262.088
8.23306	262.088
8.23625	262.088
8.24181	262.088
8.24514	262.088
8.24852	262.088
8.25204	262.088
8.25542	262.088
8.25935	262.088
8.26318	262.088
8.26647	262.088
8.27044	262.088
8.27755	262.088
8.28408	262.088
8.28771	262.088
8.29266	262.088
8.29643	262.088
8.29995	262.088
8.30316	262.088
8.30743	262.088
8.31218	262.088
8.31514	262.088
8.31841	262.088
8.32319	262.088
8.32784	262.088
8.33177	262.088
8.33716	262.088
8.34128	262.088
8.34577	262.088
8.3509	262.088
8.35535	262.088
8.35877	262.088
8.36295	262.088
8.36783	262.088
8.37188	262.088
8.37648	262.088
8.38041	262.088
8.38639	262.088
8.39456	262.088
8.40009	262.088
8.40553	262.088
8.40979	262.088
8.41416	262.088
8.41779	262.088
8.42244	262.088
8.42699	262.088
8.43095	262.088
8.43582	262.088
8.44007	262.088
8.44483	262.088
8.44869	262.088
8.45211	262.088
8.45639	262.088
8.4606	262.088
8.46408	262.088
8.46808	262.088
8.47218	262.088
8.47611	262.088
8.48076	262.088
8.48538	262.088
8.48947	262.088
8.49256	262.088
8.496	262.088
8.49989	262.088
8.50386	262.088
8.50799	262.088
8.51301	262.088
8.51647	262.088
8.51975	262.088
8.52356	262.088
8.52791	262.088
8.5321	262.088
8.5363	262.088
8.54068	262.088
8.54537	262.088
8.54876	262.088
8.55239	262.088
8.55585	262.088
8.55962	262.088
8.56387	262.088
8.56754	262.088
8.57121	262.088
8.57548	262.088
8.58262	262.088
8.58809	262.088
8.59304	262.088
8.59705	262.088
8.60181	262.088
8.60585	262.088
8.61106	262.088
8.61485	262.088
8.61898	262.088
8.62309	262.088
8.62763	262.088
8.63663	262.088
8.64307	262.088
8.65022	262.088
8.65425	262.088
8.6585	262.088
8.66347	262.088
8.66778	262.088
8.67228	262.088
8.67686	262.088
8.681	262.088
8.68483	262.088
8.6881	262.088
8.69284	262.088
8.6969	262.088
8.70206	262.088
8.70632	262.088
8.71077	262.088
8.71549	262.088
8.71938	262.088
8.72385	262.088
8.72844	262.088
8.73169	262.088
8.7348	262.088
8.74155	262.088
8.74557	262.088
8.75075	262.088
8.75518	262.088
8.76024	262.088
8.76392	262.088
8.76796	262.088
8.7719	262.088
8.77535	262.088
8.77913	262.088
8.78348	262.088
8.7881	262.088
8.79486	262.088
8.80123	262.088
8.80716	262.088
8.81144	262.088
8.81641	262.088
8.82145	262.088
8.82575	262.088
8.82972	262.088
8.83389	262.088
8.83716	262.088
8.84131	262.088
8.84479	262.088
8.84904	262.088
8.85304	262.088
8.85803	262.088
8.86267	262.088
8.86794	262.088
8.87244	262.088
8.87627	262.088
8.88007	262.088
8.88387	262.088
8.88831	262.088
8.89185	262.088
8.89764	262.088
8.90241	262.088
8.90652	262.088
8.91044	262.088
8.91528	262.088
8.91966	262.088
8.92398	262.088
8.92766	262.088
8.93147	262.088
8.93518	262.088
8.9396	262.088
8.9441	262.088
8.94787	262.088
8.951	262.088
8.95572	262.088
8.95989	262.088
8.96431	262.088
8.96777	262.088
8.9743	262.088
8.97729	262.088
8.98415	262.088
8.99074	262.088
8.99545	262.088
9.00014	262.088
9.00394	262.088
9.00752	262.088
9.0118	262.088
9.01672	262.088
9.02005	262.088
9.02429	262.088
9.02814	262.088
9.03428	262.088
9.03843	262.088
9.04288	262.088
9.04652	262.088
9.05085	262.088
9.05557	262.088
9.06025	262.088
9.06534	262.088
9.07039	262.088
9.07505	262.088
9.08026	262.088
9.08751	262.088
9.09217	262.088
9.09654	262.088
9.10015	262.088
9.10455	262.088
9.10891	262.088
9.11238	262.088
9.11612	262.088
9.11949	262.088
9.12366	262.088
9.12967	262.088
9.1339	262.088
9.13832	262.088
9.14204	262.088
9.14619	262.088
9.15093	262.088
9.15757	262.088
9.16272	262.088
9.16719	262.088
9.17155	262.088
9.17559	262.088
9.17952	262.088
9.18319	262.088
9.18802	262.088
9.19482	262.088
9.19904	262.088
9.20434	262.088
9.20848	262.088
9.21221	262.088
9.2158	262.088
9.21957	262.088
9.22435	262.088
9.22864	262.088
9.23449	262.088
9.23855	262.088
9.24244	262.088
9.24564	262.088
9.2496	262.088
9.25302	262.088
9.2565	262.088
9.25989	262.088
9.26303	262.088
9.26743	262.088
9.27109	262.088
9.27593	262.088
9.27988	262.088
9.28378	262.088
9.28943	262.088
9.29323	262.088
9.2977	262.088
9.30154	262.088
9.30566	262.088
9.31006	262.088
9.31394	262.088
9.31711	262.088
9.32127	262.088
9.32567	262.088
9.32941	262.088
9.33467	262.088
9.33887	262.088
9.34283	262.088
9.3481	262.088
9.3527	262.088
9.35623	262.088
9.35971	262.088
9.36458	262.088
9.36858	262.088
9.37226	262.088
9.37633	262.088
9.38408	262.088
9.39196	262.088
9.39862	262.088
9.40454	262.088
9.40875	262.088
9.41289	262.088
9.41631	262.088
9.41985	262.088
9.42359	262.088
9.42825	262.088
9.43549	262.088
9.44004	262.088
9.44586	262.088
9.45034	262.088
9.4539	262.088
9.46115	262.088
9.46576	262.088
9.4696	262.088
9.47495	262.088
9.479	262.088
9.48315	262.088
9.48745	262.088
9.49196	262.088
9.49601	262.088
9.50014	262.088
9.50466	262.088
9.50881	262.088
9.51305	262.088
9.51736	262.088
9.52076	262.088
9.52419	262.088
9.52812	262.088
9.53292	262.088
9.53653	262.088
9.5443	262.088
9.54875	262.088
9.55352	262.088
9.56197	262.088
9.56637	262.088
9.5725	262.088
9.57688	262.088
9.58081	262.088
9.58442	262.088
9.59045	262.088
9.59656	262.088
9.60129	262.088
9.60638	262.088
9.61098	262.088
9.61646	262.088
9.62089	262.088
9.62445	262.088
9.63084	262.088
9.63559	262.088
9.64366	262.088
9.65	262.088
9.65528	262.088
9.66265	262.088
9.66948	262.088
9.67541	262.088
9.67972	262.088
9.6859	262.088
9.68974	262.088
9.69392	262.088
9.69745	262.088
9.70165	262.088
9.70625	262.088
9.70977	262.088
9.71544	262.088
9.71899	262.088
9.72291	262.088
9.72688	262.088
9.73017	262.088
9.73413	262.088
9.73789	262.088
9.74157	262.088
9.74513	262.088
9.74929	262.088
9.75277	262.088
9.75611	262.088
9.75954	262.088
9.76301	262.088
9.7679	262.088
9.77233	262.088
9.77922	262.088
9.7854	262.088
9.79108	262.088
9.79542	262.088
9.79914	262.088
9.80266	262.088
9.80681	262.088
9.81107	262.088
9.81618	262.088
9.82066	262.088
9.82472	262.088
9.83023	262.088
9.8359	262.088
9.84062	262.088
9.84409	262.088
9.84889	262.088
9.8536	262.088
9.8582	262.088
9.86262	262.088
9.86727	262.088
9.87253	262.088
9.88232	262.088
9.8885	262.088
9.89283	262.088
9.90007	262.088
9.90446	262.088
9.90872	262.088
9.91253	262.088
9.91773	262.088
9.92359	262.088
9.92799	262.088
9.9319	262.088
9.9362	262.088
9.94069	262.088
9.94402	262.088
9.94786	262.088
9.9512	262.088
9.95542	262.088
9.95913	262.088
9.96298	262.088
9.96731	262.088
9.97131	262.088
9.97524	262.088
9.97909	262.088
9.98242	262.088
9.98672	262.088
9.99062	262.088
9.9936	262.088
9.99769	262.088
10.00366	262.088
